0.0
0.0
0.0
0.0
0.0
0.0
0.0
0.0
0.0
0.0
0.0
2416.040624245965
0.0
0.0
0.0
2675.8100986815953
2736.185018275768
0.0
2918.1557329574853
2418.736528887759
0.0
2431.9402159701704
0.0
2443.3568868455372
8574.444444444443
3319.1767634339913
0.0
10261.82679001469
5886.7976824212055
5680.675494880292
0.0
6895.0426264205325
6457.015258330017
0.0
0.0
0.0
2624.722222222222
2624.722222222222
2624.722222222222
2624.722222222222
2624.722222222222
2624.722222222222
5021.114397004625
6811.4830270265775
5066.004895434007
18652.65219016215
7874.166666666666
20334.764553374698
13528.323073222109
12693.526462511341
17571.5206976271
10974.02065816176
7735.912395635605
9942.425717517279
14490.997019419323
9536.666666666666
13411.361612883582
13169.285150760423
16927.13922964893
18322.08953483356
15407.909286992099
27918.1174227553
38218.704641211916
29382.2190206779
28225.611760297754
24047.55116525801
32331.343693297273
23041.574814848806
30374.38319066101
21410.15807396665
32718.249807027518
23555.921174162104
33194.22589696431
45004.30262961769
45912.28020853488
43861.97313486374
39467.028347420135
40761.330273708154
26322.84575185475
41724.20878328207
47018.89611087127
45531.942747659166
39519.92819797636
43141.527309312594
35685.58655887437
37446.85182924397
45300.900870377765
38162.33032594167
46633.24442191068
36283.41512087289
39206.75597259317
46876.293755520426
37687.04662079138
45460.87433831164
51741.02277196818
46401.16071484152
45018.25264493916
53740.2178914764
43017.65074940928
48929.2824803319
51422.32304280791
49701.57456887309
55957.69023532089
62689.695921567516
60178.45642904255
68488.02954770123
66427.18776700455
66623.28272919533
59239.50693351401
60422.14922016906
76764.86390636912
77314.79071434795
79072.35966508876
73868.70153830762
73065.78937992803
71619.88027700722
76758.69950434398
87011.39433527504
81245.50373928007
88582.61753834893
75789.19377240847
77956.07888998985
81425.75309427625
78849.06073526875
77379.30674601343
75176.15044655801
66249.29827645181
71916.09712203254
52247.560650731066
47646.290033564044
54725.813160046295
56188.20451868738
66450.75296021721
58278.757943902834
56192.55527853278
58931.535033179374
58500.17072968089
52664.76704760938
63409.7956689225
57781.97428956887
63015.516954772196
66077.95508037004
62296.927474517
70008.1777914263
76844.48559943236
92716.09889455973
77051.93458219661
96631.09139334671
85066.34259189692
85513.00018758538
77446.12901486471
67809.91940071949
68664.23573024124
67974.07593456785
57074.028899977035
56954.839459706986
63660.84994796699
62585.65288164868
56875.720745664716
73431.07887478756
67029.04916906184
81345.2962130136
80784.55934432236
78890.98604383387
78202.77851176503
75344.60826785414
81571.02876051664
76696.58744174894
75126.83993269921
79247.24225375184
86888.97811750475
81268.42466908362
89781.36811170488
96269.9630662104
91752.29783552195
84281.82064717951
87153.30157174519
89090.31047580682
95765.14341474886
83162.00360882396
88546.61194817821
89498.95420440298
77826.244492005
72193.96356356096
76432.48876304884
84632.34112020697
85854.36421485752
85821.96913037421
81171.91612457995
92648.96734696103
88170.30100878666
82248.27228351022
82660.98632998236
93839.7009674371
99978.19808747979
93997.59617950158
110220.90407209806
108314.926286353
116984.35219813636
110432.17660297715
114522.45686250443
125121.40768183582
107849.22240526893
99813.68743728373
97932.25776022652
80195.98266176945
73995.72613534537
76610.29242702278
79271.760151952
84390.18298095383
73743.72190508865
76689.90339155226
49074.168200850334
60636.23129226765
58459.00068308167
61050.360504787626
65518.71045942303
79345.11442827086
66091.08205845219
78784.7695467033
75525.89564625156
82448.22607151388
76014.62145555862
72954.371047279
80895.53890800595
87869.0416654602
97185.56481549375
94863.93091471972
111005.37658680668
100908.7944278253
105163.23413953886
99543.82791262155
104638.23527842712
91897.778758254
90081.26944679933
88729.0448054019
85437.34992749042
87199.61076547409
79305.72992746872
82414.52498639021
94013.5533337824
81630.58282131776
82169.12624477189
66099.70638792323
71381.91292820899
65703.72368071682
68247.92242828566
48125.595721283345
45062.02253163833
40002.19352312956
40712.94534317606
35440.1927219808
30098.803889180173
39021.961676119165
36711.70731717319
41832.71441685418
44508.38924922411
47993.36172643578
48330.04998430889
52077.19686840531
48739.99620031127
49102.90287579695
46942.77006580108
42531.48947367482
47352.09305505682
43794.271579621396
50426.72866154852
50930.375428381645
57072.663384610576
57504.507481141285
49292.25710864034
44223.73621180206
43577.66611278563
47434.17559851947
40303.178289735195
28871.944444444445
28871.944444444445
28871.944444444445
28871.944444444445
28914.732305574435
28857.103258288502
26247.22222222222
28871.944444444445
33159.166666666664
35783.88888888888
31496.666666666664
31496.666666666664
46841.95613543399
39370.83333333333
44870.88287377478
39370.83333333333
44630.10003814083
39714.615116278284
39681.65366931098
40064.51535145566
34121.38888888889
36884.20146466282
43591.13303487751
40110.72422154433
40927.08539986612
41919.84327942455
41091.170104348166
37538.15051386299
38056.0732274134
35049.90718805591
38518.57709456953
44039.38503014351
32951.45524636481
33288.96593548644
32178.218783453252
35682.61949347851
24106.135886604665
24417.936362476245
28547.018626845627
18912.368359391854
22593.75024299236
26705.64537567116
23853.825099260677
27087.3872361876
25335.761045111
25400.736903334502
17327.928871624772
17314.628091058916
13555.219700762013
13564.325113903473
13962.45393990602
10498.888888888889
15405.777183276863
10498.888888888889
13123.61111111111
13123.61111111111
15537.064945470735
13123.61111111111
15943.960373366674
15707.584287372942
15725.542753559257
13286.52252219657
10692.254572178765
7874.166666666666
10766.236679678139
5249.444444444444
7875.046185064222
5249.444444444444
11390.067362289901
15205.91152807517
15017.654164844622
16511.894626921043
16549.3042456283
20195.942678408213
21164.453119363072
17518.08993428459
21112.543640777138
27012.77224994301
22175.643690573655
20532.64340629892
20677.2199463712
20809.766054431508
22044.138346452757
17135.751837613465
15526.52933531331
17572.862728029842
19131.22675650187
14397.711392172721
7874.166666666666
7874.166666666666
7874.166666666666
7874.166666666666
7874.166666666666
10498.888888888889
10613.128091565248
2624.722222222222
2624.722222222222
2624.722222222222
7874.166666666666
10498.888888888889
10498.888888888889
10579.410859385145
17160.912962058494
18232.608991695448
15695.628056780406
15016.450031989085
15252.438907374348
17162.739018863853
15358.924092636564
17909.604665416693
18555.292429856934
20595.67392311083
22447.793885279432
19205.941974683494
21708.50006919005
22180.59609995281
21806.003459559943
21278.40588670923
23617.48561516436
16297.274265783974
10498.888888888889
10498.888888888889
10498.888888888889
10498.888888888889
10498.888888888889
10498.888888888889
13123.61111111111
13123.61111111111
13123.61111111111
13123.61111111111
13123.61111111111
13123.61111111111
15748.333333333332
15984.215451903017
5260.583048561616
5535.857207795682
5391.619601066715
5789.4096754982165
0.0
3524.8480283934955
6450.410398181537
7326.328739828372
6279.534697464099
7094.699567911077
7945.03024516669
7512.8058538971945
7741.364224197554
8273.361242825678
8743.28574388117
7875.550374780216
10639.941041125892
9250.221428693394
5993.554707508662
9428.156497820597
9523.827699833837
10626.71542039913
11219.729946379295
11980.2407459145
5888.820149016207
4914.799806668006
0.0
0.0
0.0
0.0
0.0
0.0
0.0
0.0
0.0
0.0
0.0
2624.722222222222
2624.722222222222
2624.722222222222
2624.722222222222
2624.722222222222
2624.722222222222
2624.722222222222
2624.722222222222
2624.722222222222
2624.722222222222
2624.722222222222
2624.722222222222
2624.722222222222
2624.722222222222
2624.722222222222
2624.722222222222
2624.722222222222
2624.722222222222
2624.722222222222
2624.722222222222
2624.722222222222
2624.722222222222
2624.722222222222
2624.722222222222
2624.722222222222
2624.722222222222
2624.722222222222
2624.722222222222
2624.722222222222
2624.722222222222
2624.722222222222
2624.722222222222
2624.722222222222
2624.722222222222
2624.722222222222
2624.722222222222
2624.722222222222
2624.722222222222
2624.722222222222
2624.722222222222
2624.722222222222
2624.722222222222
2624.722222222222
2624.722222222222
2624.722222222222
2624.722222222222
2746.1134230496377
0.0
0.0
0.0
0.0
0.0
0.0
0.0
