0.0
0.0
0.0
0.0
0.0
0.0
0.0
0.0
0.0
0.0
0.0
0.0
0.0
0.0
0.0
0.0
0.0
0.0
0.0
0.0
0.0
0.0
0.0
0.0
0.0
0.0
0.0
0.0
0.0
0.0
1.0
2.0
3.0
4.0
5.0
6.0
7.0
8.0
9.0
10.0
11.0
12.0
13.0
14.0
15.0
16.0
17.0
18.0
19.0
20.0
21.0
0.0
0.0
0.0
0.0
0.0
1.0
2.0
3.0
4.0
5.0
6.0
7.0
8.0
9.0
10.0
11.0
12.0
13.0
15.0
17.0
19.0
21.0
24.0
27.0
30.0
33.0
36.0
39.0
42.0
33.0
35.0
38.0
41.0
44.0
47.0
51.0
55.0
59.0
63.0
67.0
72.0
77.0
82.0
87.0
92.0
97.0
102.0
107.0
113.0
119.0
126.0
69.0
71.0
75.0
79.0
83.0
88.0
93.0
98.0
103.0
108.0
113.0
118.0
123.0
128.0
135.0
142.0
149.0
156.0
163.0
170.0
177.0
184.0
191.0
198.0
205.0
212.0
219.0
226.0
233.0
240.0
247.0
254.0
261.0
205.0
211.0
217.0
223.0
229.0
236.0
243.0
250.0
257.0
264.0
271.0
278.0
285.0
292.0
299.0
306.0
313.0
320.0
155.0
105.0
61.0
25.0
31.0
37.0
43.0
49.0
55.0
61.0
67.0
73.0
80.0
87.0
95.0
103.0
111.0
119.0
127.0
135.0
143.0
133.0
139.0
145.0
151.0
157.0
164.0
172.0
180.0
188.0
196.0
204.0
212.0
220.0
228.0
236.0
244.0
252.0
260.0
268.0
277.0
286.0
295.0
304.0
313.0
322.0
331.0
340.0
349.0
358.0
367.0
184.0
114.0
103.0
105.0
108.0
111.0
114.0
118.0
122.0
126.0
130.0
135.0
140.0
146.0
152.0
158.0
164.0
170.0
176.0
182.0
188.0
194.0
200.0
206.0
212.0
219.0
226.0
233.0
240.0
247.0
254.0
261.0
268.0
110.0
56.0
34.0
12.0
13.0
14.0
15.0
16.0
17.0
19.0
21.0
24.0
27.0
31.0
36.0
43.0
51.0
59.0
40.0
47.0
54.0
61.0
68.0
75.0
82.0
89.0
96.0
103.0
110.0
117.0
124.0
131.0
138.0
145.0
152.0
159.0
166.0
173.0
180.0
187.0
194.0
201.0
208.0
215.0
223.0
231.0
240.0
249.0
258.0
267.0
276.0
285.0
294.0
303.0
312.0
321.0
330.0
339.0
348.0
358.0
368.0
378.0
388.0
398.0
408.0
418.0
428.0
438.0
449.0
349.0
282.0
228.0
173.0
117.0
119.0
61.0
62.0
63.0
64.0
65.0
66.0
67.0
68.0
69.0
70.0
71.0
72.0
73.0
74.0
75.0
76.0
77.0
78.0
79.0
80.0
81.0
82.0
83.0
84.0
85.0
86.0
87.0
0.0
0.0
0.0
0.0
0.0
0.0
0.0
0.0
0.0
0.0
0.0
0.0
0.0
0.0
0.0
0.0
0.0
0.0
0.0
0.0
0.0
0.0
0.0
0.0
1.0
2.0
3.0
5.0
7.0
10.0
14.0
18.0
22.0
26.0
30.0
34.0
38.0
31.0
34.0
37.0
40.0
44.0
48.0
52.0
56.0
60.0
64.0
68.0
72.0
76.0
80.0
84.0
88.0
92.0
96.0
100.0
104.0
108.0
112.0
116.0
120.0
125.0
130.0
136.0
142.0
148.0
154.0
160.0
166.0
16.0
0.0
0.0
0.0
0.0
0.0
0.0
0.0
0.0
0.0
0.0
0.0
0.0
0.0
0.0
0.0
0.0
0.0
0.0
0.0
0.0
0.0
0.0
0.0
0.0
0.0
0.0
0.0
0.0
0.0
0.0
0.0
0.0
0.0
0.0
0.0
0.0
0.0
0.0
0.0
0.0
0.0
0.0
0.0
0.0
0.0
0.0
0.0
0.0
0.0
0.0
0.0
0.0
0.0
0.0
0.0
0.0
0.0
0.0
0.0
0.0
0.0
0.0
0.0
0.0
0.0
0.0
0.0
0.0
0.0
0.0
0.0
0.0
0.0
0.0
0.0
0.0
0.0
0.0
0.0
0.0
0.0
0.0
0.0
0.0
0.0
0.0
0.0
0.0
0.0
0.0
0.0
