0.0
0.0
0.0
0.0
0.0
0.0
0.0
0.0
0.0
0.0
0.0
0.0
0.0
0.0
0.0
0.0
0.0
0.0
0.0
0.0
0.0
0.0
0.0
0.0
0.0
0.0
0.0
0.0
0.0
0.0
0.0
1.0
2.0
3.0
4.0
5.0
7.0
9.0
11.0
13.0
15.0
17.0
20.0
23.0
27.0
32.0
35.0
39.0
43.0
48.0
54.0
38.0
27.0
32.0
35.0
40.0
45.0
51.0
58.0
66.0
74.0
83.0
92.0
101.0
110.0
119.0
128.0
137.0
146.0
157.0
168.0
179.0
190.0
201.0
212.0
223.0
234.0
245.0
256.0
267.0
278.0
289.0
302.0
316.0
330.0
344.0
358.0
373.0
392.0
411.0
344.0
286.0
243.0
252.0
266.0
280.0
294.0
308.0
322.0
337.0
352.0
369.0
386.0
403.0
420.0
437.0
455.0
474.0
494.0
514.0
534.0
555.0
577.0
600.0
623.0
646.0
669.0
692.0
715.0
738.0
761.0
785.0
810.0
617.0
478.0
397.0
351.0
364.0
354.0
368.0
382.0
396.0
410.0
425.0
440.0
456.0
472.0
489.0
507.0
525.0
544.0
563.0
583.0
604.0
626.0
648.0
670.0
694.0
718.0
742.0
766.0
790.0
814.0
838.0
862.0
886.0
892.0
900.0
923.0
946.0
969.0
992.0
1017.0
1044.0
1071.0
1098.0
1125.0
1153.0
1181.0
1209.0
1238.0
1268.0
1300.0
1332.0
1100.0
916.0
747.0
615.0
538.0
478.0
481.0
445.0
467.0
483.0
505.0
527.0
549.0
572.0
596.0
621.0
647.0
673.0
699.0
725.0
752.0
779.0
807.0
836.0
867.0
899.0
928.0
960.0
992.0
1024.0
1057.0
1093.0
1131.0
1169.0
1209.0
1250.0
1291.0
1333.0
1375.0
1235.0
1111.0
999.0
921.0
871.0
831.0
815.0
844.0
875.0
906.0
937.0
968.0
1000.0
1033.0
1066.0
1100.0
1134.0
1168.0
1202.0
1239.0
1276.0
1313.0
1350.0
1387.0
1424.0
1461.0
1499.0
1537.0
1575.0
1613.0
1653.0
1693.0
1733.0
1417.0
1174.0
960.0
769.0
625.0
597.0
604.0
620.0
636.0
652.0
668.0
684.0
700.0
717.0
734.0
751.0
769.0
787.0
806.0
825.0
844.0
863.0
882.0
901.0
920.0
939.0
958.0
977.0
996.0
1015.0
1034.0
1054.0
1075.0
896.0
722.0
626.0
594.0
567.0
585.0
603.0
621.0
639.0
657.0
676.0
695.0
714.0
733.0
752.0
774.0
797.0
821.0
691.0
592.0
531.0
471.0
414.0
362.0
381.0
373.0
391.0
410.0
429.0
449.0
469.0
489.0
509.0
530.0
551.0
572.0
593.0
615.0
637.0
659.0
681.0
703.0
726.0
749.0
773.0
798.0
823.0
848.0
873.0
899.0
925.0
951.0
977.0
1003.0
1029.0
1055.0
1081.0
941.0
833.0
763.0
724.0
727.0
746.0
765.0
784.0
804.0
824.0
844.0
865.0
887.0
909.0
931.0
953.0
977.0
1001.0
1025.0
1049.0
1073.0
1097.0
1121.0
1145.0
1169.0
1193.0
1217.0
1241.0
1265.0
1289.0
1313.0
1337.0
1361.0
1037.0
767.0
522.0
375.0
350.0
286.0
293.0
300.0
308.0
316.0
324.0
332.0
340.0
348.0
356.0
364.0
373.0
382.0
391.0
400.0
409.0
418.0
427.0
436.0
445.0
454.0
463.0
472.0
481.0
490.0
500.0
510.0
520.0
421.0
328.0
278.0
227.0
178.0
183.0
188.0
193.0
198.0
203.0
208.0
213.0
218.0
223.0
229.0
235.0
241.0
248.0
109.0
114.0
119.0
124.0
129.0
134.0
139.0
144.0
149.0
154.0
159.0
164.0
169.0
174.0
179.0
184.0
189.0
195.0
201.0
207.0
213.0
219.0
226.0
233.0
240.0
247.0
254.0
261.0
268.0
275.0
282.0
289.0
296.0
303.0
310.0
317.0
325.0
333.0
341.0
191.0
192.0
197.0
202.0
207.0
212.0
217.0
222.0
227.0
232.0
237.0
242.0
247.0
252.0
257.0
262.0
267.0
272.0
277.0
282.0
287.0
292.0
297.0
302.0
307.0
312.0
317.0
322.0
327.0
332.0
337.0
342.0
347.0
207.0
153.0
155.0
157.0
159.0
161.0
163.0
165.0
