0.0
0.0
0.0
0.0
0.0
0.0
0.0
0.0
0.0
0.0
0.0
1.0385663495340438
0.0
0.0
0.0
1.1502279287993538
1.1761798452210794
0.0
1.254399600854202
1.0397252990550099
0.0
1.045400942147459
0.0
1.05030837874225
3.6857966457023057
1.42677776880651
0.0
4.411113058760321
2.530472468366324
2.441870777090618
0.0
2.963864245136708
2.7755789131287525
0.0
0.0
0.0
1.1283318358790055
1.1283318358790055
1.1283318358790055
1.1283318358790055
1.1283318358790055
1.1283318358790055
2.1584526053041406
2.9280459166498867
2.177749370392031
8.018129783372732
3.384995507637017
8.741280770491933
5.815467285627891
5.456629976178652
7.553504180640234
4.717491395124272
3.325503334239242
4.274011253267279
6.22924536342877
4.099561994609164
5.765123447993291
5.661137872233647
7.276479899825248
7.876096159335495
6.623401507451426
12.00107743225358
16.428885043354757
12.630443786764806
12.133271670655907
10.337256562618071
13.898108134645934
9.904831235266984
13.056900978091601
9.20356793054666
14.064444502923653
10.125974129275722
14.269077234553931
19.34573872026907
19.736042489056576
18.854713518474842
16.965512920678258
17.52190255016271
11.315430595626756
17.935864893355365
20.212009667382013
19.572822439454935
16.988394870146724
18.54521594515244
15.34017251870345
16.097249059782744
19.47338944747627
16.40481235992476
20.046150225417573
15.597321537605325
16.853938891266324
20.150817401522264
16.200884712454055
19.542560555012383
22.24216704314057
19.946760792441054
19.35235424869998
23.10151633911147
18.49249363583742
21.033726897927842
22.105358821382712
21.365664418606087
24.05492214030371
26.948666559704517
25.86910004803025
29.441154881049968
28.555248655432965
28.639593657249737
25.465476404709356
25.974021820758924
32.999063543091054
33.235531842442576
33.99099632274751
31.75427435791486
31.409093008475054
30.787557373133197
32.99651338743788
37.40369160009158
34.92523437212634
38.07916932563598
32.57982290666225
33.51136197093007
35.00286717227205
33.895285176922535
33.26329368810808
32.31621056278128
28.478924075548846
30.914792918265796
22.45989576320363
20.48200833602276
23.525270083745433
24.15387256292676
28.565454206305546
25.052713611862362
24.15595765544298
25.333282683127006
25.147742588178485
22.639368763910074
27.258261311444674
24.839074008081116
27.088833199750443
28.405272298103885
26.779896707641857
30.094804150606027
33.03350693674696
39.856058271975876
33.12259433286099
41.53897316019851
36.567813142172206
36.75987305171146
33.292269218736706
29.150130053365796
29.517399270160546
29.220711966490704
24.53501583984484
24.483774432626937
27.366387872066234
26.90410906707158
24.449615071932744
31.566095307968386
28.814167672998337
34.96818805521279
34.72731025382209
33.91333308508753
33.61753876897276
32.38894876019904
35.0654194572769
32.970018320966574
32.295276667213045
34.06651551681
37.35143268987144
34.93537018622334
38.594909351414316
41.38419455306684
39.44216534653325
36.23068607686109
37.46490346839732
38.29762331534151
41.166805698958754
35.74900182849642
38.06365964606925
38.47294100954765
33.45522314603921
31.034118116313355
32.85614128208304
36.38092763935343
36.906182212588305
36.89231137337223
34.89342086472385
39.82711062490767
37.90184530084977
35.35615270010392
35.53356440900651
40.338929816721446
42.9776261957399
40.40684345278706
47.380586959270246
46.56132561276338
50.28792075858993
47.471418725522405
49.2296065532182
53.785564688804314
46.361028164582116
42.90688452552542
42.09819205452656
34.47386493286555
31.808795167010548
32.93269059048323
34.07672461076644
36.27683404502606
31.700369750325336
32.96696464780688
21.096100660522303
26.066250038187565
25.130288295941018
26.244305978135102
28.164988535245296
34.108377016086905
28.410889666082486
33.867543637493625
32.4666223758823
35.44211534604958
32.676654767383624
31.361245892041154
34.77488538825569
37.77257352167839
41.777348965778906
40.77934620626056
47.71788416440261
43.377794082884726
45.20652770556889
42.79104304992446
44.980882928080575
39.50431722547036
38.72349852597576
38.142242879248045
36.72728632578729
37.48479285606564
34.09159002227641
35.42786634359837
40.41378742820351
35.090856841690425
35.32221452956904
28.41473373183075
30.685295229584632
28.24441582767401
29.3380333952916
20.687963021786803
19.371224576186066
17.196197920064947
17.501704446468644
15.234988666192706
12.938917342564135
16.77469569805125
15.78152739435177
17.982957406591176
19.133026437315408
20.63119890490914
20.775857449554394
22.38651666127891
20.95201328057047
21.107997037755965
20.179460391168597
18.283244393143036
20.35540615768077
18.8260397882572
21.677029942748213
21.893515814880388
24.53385896529977
24.719526732553078
21.18942618265099
19.01069576721259
18.732982589541884
20.39070194165528
17.325422009444303
12.411650194669061
12.411650194669061
12.411650194669061
12.411650194669061
12.430037324386412
12.405269851369619
11.283318358790055
12.411650194669061
14.254548517520215
15.38288035339922
13.539982030548066
13.539982030548066
20.13641205080997
16.924977538185082
19.28920662561514
16.924977538185082
19.185698426865613
17.072730325500288
17.05855255308863
17.22311425894877
14.668313866427074
15.855978539372787
18.739089803257258
17.242933675918934
17.59383092859519
18.020548723534933
17.664378600539308
16.137036035537957
16.359616203314843
15.067400263274534
16.55844370408278
18.931667901116132
14.165248784960252
14.310306996878225
13.83282874657524
15.33924995062445
10.362821915823641
10.496825936603383
12.271715209269061
8.130080479743553
9.712515388240352
11.479993195196318
10.254065813522317
11.644094360365193
10.891165995558064
10.919087020990867
7.448902953615466
7.443178611721086
5.827144343507252
5.831056013500257
6.0021880600800355
4.513327343516022
6.622682241364476
4.513327343516022
5.6416591793950275
5.6416591793950275
6.679116673409311
5.6416591793950275
6.854019577058148
6.752413630683565
6.7601328568686725
5.711674112987119
4.59638405612362
3.384995507637017
4.628180216102249
2.256663671758011
3.3853122046281245
2.256663671758011
4.896300356316019
6.536611318375386
6.455680980641081
7.097967156934603
7.114038926361064
8.68159256187453
9.097894253117476
7.530459114533343
9.075563522525336
11.611800742703736
9.532520448270237
8.826236005005018
8.888377447717865
8.945348433764579
9.475937892274503
7.3660368456759535
6.67431901252858
7.553927806095411
8.223787588952074
6.189096158481453
3.384995507637017
3.384995507637017
3.384995507637017
3.384995507637017
3.384995507637017
4.513327343516022
4.5624181116490075
1.1283318358790055
1.1283318358790055
1.1283318358790055
3.384995507637017
4.513327343516022
4.513327343516022
4.547933465966537
7.377095928442906
7.837748398238936
6.7471427163146345
6.455194264345616
6.556628764906651
7.377761087361678
6.6023916334732125
7.698791394382189
7.976436714161735
8.853487086622454
9.6496135549209
8.256108847759542
9.331826307120444
9.534754487105424
9.373735863644903
9.146948807464316
10.152397359629726
7.005785510364909
4.513327343516022
4.513327343516022
4.513327343516022
4.513327343516022
4.513327343516022
4.513327343516022
5.6416591793950275
5.6416591793950275
5.6416591793950275
5.6416591793950275
5.6416591793950275
5.6416591793950275
6.769991015274034
6.8713627353875975
2.261444368265887
2.3797582469274885
2.3177505384748174
2.4887294784482394
0.0
1.515213792218526
2.7728214027924487
3.1493249805876538
2.699358048504308
3.049749260108517
3.4152559633063193
3.2294606190104727
3.3277016354223674
3.5563752738573218
3.7583674881629494
3.3853706069979155
4.5736343656554315
3.976264031041624
2.576352653259503
4.052752590515977
4.093874567377045
4.567945946054405
4.822849894996272
5.149752658407019
2.5313327970205632
2.112651616876454
0.0
0.0
0.0
0.0
0.0
0.0
0.0
0.0
0.0
0.0
0.0
1.1283318358790055
1.1283318358790055
1.1283318358790055
1.1283318358790055
1.1283318358790055
1.1283318358790055
1.1283318358790055
1.1283318358790055
1.1283318358790055
1.1283318358790055
1.1283318358790055
1.1283318358790055
1.1283318358790055
1.1283318358790055
1.1283318358790055
1.1283318358790055
1.1283318358790055
1.1283318358790055
1.1283318358790055
1.1283318358790055
1.1283318358790055
1.1283318358790055
1.1283318358790055
1.1283318358790055
1.1283318358790055
1.1283318358790055
1.1283318358790055
1.1283318358790055
1.1283318358790055
1.1283318358790055
1.1283318358790055
1.1283318358790055
1.1283318358790055
1.1283318358790055
1.1283318358790055
1.1283318358790055
1.1283318358790055
1.1283318358790055
1.1283318358790055
1.1283318358790055
1.1283318358790055
1.1283318358790055
1.1283318358790055
1.1283318358790055
1.1283318358790055
1.1283318358790055
1.1805046956763963
0.0
0.0
0.0
0.0
0.0
0.0
0.0
