31.0616
14.2438
20.2622
24.6194
24.7534
18.6186
10.6596
35.2956
18.1748
15.7584
17.7404
16.2212
21.7332
30.0092
22.6696
14.5378
12.1474
13.2476
12.6698
11.7
18.6122
9.7282
17.1534
11.599
12.7368
13.3734
9.588
21.4108
10.2944
11.776
11.731
9.702
11.6296
15.1548
20.5246
26.0
9.2976
11.0148
18.0202
15.7146
13.9224
16.0424
10.6784
14.25
17.7688
9.088
20.0898
9.6732
10.7812
13.079
18.7442
8.4636
9.4834
10.9338
24.4416
8.8342
16.3068
10.4076
10.3182
11.0918
14.2284
11.382
10.7828
11.3304
13.2924
11.127
14.1464
14.1628
9.2288
17.5448
10.7594
9.1076
6.4046
8.9814
6.8006
7.7512
8.9666
10.6076
9.6666
14.246
16.2454
8.37
10.2194
11.0448
10.3606
22.9442
10.8404
8.4486
10.969
14.894
11.766
9.9058
6.433
17.3194
8.1408
7.5224
8.959
6.6272
14.7818
7.8902
11.6894
10.1252
8.5286
8.1154
6.6848
12.3224
7.1424
12.6182
8.2312
12.6826
8.5272
6.4882
7.7636
6.9124
10.6176
7.3732
6.8148
10.2864
7.7006
9.4118
7.3458
6.3306
9.095
5.9468
8.5424
7.9132
11.6936
12.5232
11.2026
8.0192
6.8382
13.7962
9.983
6.0228
6.564
7.0206
6.6984
6.473
7.1582
5.8286
13.1454
8.7748
6.969
7.2762
5.0366
7.6202
11.5926
8.8146
5.7216
6.076
5.4264
7.4876
6.5474
6.146
5.567
7.3622
7.2354
5.3694
6.1412
5.7424
10.3022
5.6514
9.1288
5.309
5.2528
5.9306
4.7778
16.9454
7.4414
5.8804
6.5156
4.8158
8.9316
10.987
7.9378
5.7786
4.519
12.457
8.44
5.6176
7.6732
14.6546
5.4382
9.7934
6.324
5.377
5.7504
7.6464
6.4246
5.0196
6.4252
5.6922
5.2966
4.6032
4.6026
4.6844
5.5838
9.7592
4.6294
5.163
4.5758
7.1678
4.7844
4.9066
5.9526
6.8402
11.6964
8.553
4.735
10.054
4.3574
5.4114
4.7682
5.6352
4.542
