-20952.0
-19775.0
-21836.0
-17972.0
-21803.0
-19376.0
-16971.0
-21279.0
-19437.0
-21048.0
-18016.0
-19597.0
-18041.0
-23274.0
-18998.0
-19427.0
-18724.0
-17569.0
-19337.0
-17434.0
-15058.0
-17849.0
-17235.0
-15352.0
-18334.0
-20221.0
-18436.0
-19236.0
-15913.0
-17102.0
-20031.0
-17607.0
-17589.0
-19228.0
-18147.0
-19953.0
-17377.0
-18295.0
-19551.0
-15326.0
-18978.0
-18237.0
-18288.0
-19539.0
-19722.0
-13437.0
-19247.0
-19347.0
-16502.0
-17593.0
-20147.0
-13818.0
-17534.0
-16590.0
-18441.0
-17821.0
-15593.0
-17126.0
-19860.0
-14554.0
-15529.0
-17868.0
-16295.0
-16513.0
-18629.0
-18240.0
-18501.0
-16594.0
-16606.0
-19639.0
-17563.0
-15584.0
-16320.0
-16015.0
-14640.0
-14534.0
-17911.0
-15698.0
-15230.0
-15384.0
-17348.0
-14153.0
-17007.0
-14776.0
-15503.0
-15407.0
-12636.0
-16402.0
-13349.0
-15238.0
-15999.0
-17876.0
-14417.0
-15106.0
-15613.0
-14977.0
-15033.0
-15106.0
-13688.0
-15104.0
-14151.0
-10006.0
-15800.0
-15159.0
-13846.0
-15270.0
-16301.0
-15961.0
-15023.0
-15070.0
-16038.0
-12376.0
-14183.0
-15264.0
-13981.0
-15294.0
-13727.0
-11979.0
-15067.0
-15174.0
-15267.0
-13651.0
-14799.0
-12521.0
-12585.0
-14446.0
-14905.0
-14018.0
-15306.0
-14578.0
-13333.0
-12253.0
-15310.0
-13657.0
-15132.0
-14041.0
-13863.0
-15696.0
-15099.0
-12479.0
-13911.0
-14012.0
-14189.0
-13958.0
-11890.0
-14518.0
-15876.0
-12992.0
-13224.0
-13626.0
-11680.0
-12698.0
-15166.0
-12713.0
-13502.0
-14321.0
-14360.0
-14124.0
-13047.0
-12271.0
-12527.0
-13497.0
-14476.0
-12203.0
-12545.0
-13106.0
-11237.0
-10704.0
-14389.0
-14393.0
-13187.0
-11381.0
-14845.0
-10153.0
-13378.0
-12483.0
-10800.0
-12223.0
-13032.0
-14416.0
-10156.0
-11347.0
-13007.0
-11097.0
-15700.0
-11523.0
-11594.0
-13847.0
-12626.0
-11413.0
-12223.0
-12772.0
-13915.0
-11438.0
-11406.0
-10275.0
-11184.0
-9937.0
-12119.0
-9940.0
-11892.0
-11390.0
-13285.0
-11484.0
-10771.0
-10140.0
-10094.0
-9583.0
-11684.0
-9664.0
-11106.0
-11515.0
-11380.0
-9673.0
-11677.0
