30.7262
17.4236
19.4382
25.6504
26.229
12.9088
15.2334
25.6138
18.1516
15.5592
18.0618
17.8598
20.0212
29.6496
26.9242
21.454
17.9682
15.9514
17.0168
19.507
14.868
14.674
18.1016
14.4912
15.5266
23.5206
12.8852
17.5606
17.6976
16.7606
15.7946
15.8046
15.9112
15.8582
21.216
25.4812
12.9556
14.3976
18.2054
22.419
14.9354
14.809
12.4852
15.3308
15.327
15.1588
17.3248
13.1616
17.0706
12.1508
20.0884
12.3506
11.8246
15.0478
23.2462
14.1126
16.2854
12.3214
14.3694
12.258
16.2462
12.0762
12.7078
13.1258
12.511
16.8788
13.0272
13.2792
13.3478
16.3432
14.095
15.2154
12.368
11.9168
14.0134
12.5202
13.5416
14.0378
11.2094
11.3624
17.8858
11.75
11.375
10.7658
11.7816
15.0198
15.5098
10.9144
14.7352
14.8578
11.756
13.3088
12.2318
13.6412
13.7376
11.7426
11.7778
10.8432
18.9264
10.1298
12.2708
11.6242
12.1972
14.7026
9.8168
14.4376
9.5306
17.975
10.685
13.6744
10.9686
12.584
9.6526
10.379
13.0576
11.9958
13.5904
15.9958
12.9132
12.0236
10.7218
11.1132
10.7032
12.543
11.3808
10.3696
15.8954
11.4124
13.1442
10.5786
12.7544
14.088
13.4262
9.3882
9.7962
10.6954
10.0368
9.7296
11.0942
9.646
11.665
11.5998
9.5526
11.2538
9.354
8.964
10.7334
8.809
9.632
9.8974
9.3158
9.9678
9.9194
10.8598
10.6602
10.9686
10.9566
10.5534
10.3074
8.9052
12.906
10.8084
9.2708
9.7686
10.0144
9.907
9.7798
11.5696
9.862
8.7472
10.3712
11.3326
9.5296
11.7936
8.285
10.2922
8.9544
15.0842
11.2796
10.1352
10.8438
11.4496
7.5962
11.948
10.5526
10.8664
9.9574
12.3808
8.8116
10.0576
9.0428
10.9486
9.947
8.588
8.3096
10.1196
8.0808
11.7348
9.401
9.1386
9.2436
8.7762
9.0094
9.1708
11.0248
8.9244
9.981
10.321
9.3084
9.4812
8.2518
9.2658
7.6036
8.5452
8.5738
