0.0
0.0
0.0
0.0
0.0
0.0
0.0
0.0
0.0
0.0
0.0
0.0
0.0
0.0
0.0
0.0
0.0
0.0
0.0
0.0
0.0
0.0
0.0
0.0
0.0
0.0
0.0
0.0
0.0
0.0
0.0
0.0
0.0
0.0
0.0
0.0
0.0
0.0
0.0
0.0
0.0
0.0
0.0
0.0
0.0
0.0
0.0
0.0
0.0
0.0
0.0
0.0
0.0
0.0
0.0
0.0
0.0
0.0
0.0
0.0
0.0
1.0
2.0
3.0
4.0
5.0
6.0
7.0
8.0
9.0
10.0
11.0
12.0
13.0
14.0
15.0
16.0
17.0
19.0
21.0
23.0
25.0
27.0
29.0
31.0
33.0
35.0
37.0
39.0
41.0
43.0
31.0
32.0
33.0
34.0
35.0
36.0
38.0
40.0
42.0
44.0
46.0
0.0
0.0
0.0
0.0
1.0
2.0
3.0
4.0
5.0
6.0
7.0
8.0
9.0
10.0
12.0
14.0
16.0
18.0
20.0
22.0
24.0
26.0
28.0
30.0
32.0
34.0
36.0
38.0
40.0
42.0
44.0
46.0
48.0
50.0
52.0
54.0
56.0
58.0
60.0
62.0
64.0
66.0
69.0
72.0
75.0
78.0
81.0
84.0
87.0
90.0
94.0
12.0
4.0
7.0
12.0
17.0
23.0
29.0
35.0
41.0
47.0
53.0
59.0
65.0
71.0
77.0
83.0
89.0
95.0
101.0
107.0
113.0
119.0
125.0
131.0
137.0
144.0
152.0
160.0
168.0
176.0
184.0
192.0
200.0
208.0
216.0
224.0
233.0
242.0
252.0
262.0
272.0
282.0
293.0
305.0
317.0
311.0
316.0
325.0
334.0
343.0
353.0
184.0
64.0
61.0
63.0
65.0
68.0
72.0
76.0
80.0
84.0
88.0
92.0
96.0
100.0
105.0
110.0
115.0
120.0
125.0
130.0
135.0
140.0
145.0
150.0
155.0
160.0
166.0
172.0
178.0
184.0
190.0
196.0
203.0
130.0
137.0
145.0
153.0
161.0
169.0
178.0
187.0
197.0
200.0
210.0
222.0
235.0
249.0
264.0
280.0
296.0
313.0
184.0
132.0
108.0
119.0
130.0
141.0
134.0
143.0
152.0
161.0
170.0
181.0
193.0
206.0
219.0
232.0
245.0
258.0
272.0
288.0
304.0
314.0
332.0
351.0
372.0
393.0
416.0
439.0
463.0
487.0
511.0
535.0
559.0
567.0
575.0
584.0
607.0
630.0
653.0
676.0
699.0
723.0
747.0
772.0
797.0
822.0
847.0
873.0
899.0
925.0
951.0
724.0
525.0
361.0
259.0
162.0
136.0
142.0
148.0
154.0
161.0
168.0
175.0
182.0
189.0
196.0
203.0
210.0
217.0
224.0
233.0
242.0
251.0
260.0
270.0
280.0
290.0
300.0
310.0
320.0
331.0
344.0
357.0
371.0
245.0
241.0
254.0
267.0
280.0
293.0
307.0
321.0
335.0
350.0
365.0
380.0
395.0
410.0
425.0
440.0
455.0
470.0
286.0
192.0
135.0
122.0
128.0
134.0
140.0
146.0
152.0
158.0
166.0
176.0
187.0
199.0
213.0
228.0
243.0
259.0
275.0
293.0
295.0
312.0
330.0
348.0
366.0
388.0
411.0
426.0
428.0
447.0
470.0
493.0
517.0
535.0
545.0
558.0
581.0
605.0
629.0
654.0
669.0
692.0
716.0
741.0
766.0
792.0
819.0
847.0
875.0
904.0
934.0
717.0
554.0
445.0
381.0
345.0
315.0
327.0
339.0
351.0
363.0
375.0
387.0
399.0
411.0
424.0
437.0
450.0
463.0
476.0
489.0
502.0
516.0
531.0
546.0
561.0
576.0
591.0
606.0
621.0
639.0
658.0
680.0
703.0
579.0
500.0
435.0
384.0
360.0
361.0
379.0
398.0
418.0
420.0
433.0
451.0
469.0
488.0
509.0
529.0
550.0
573.0
427.0
322.0
263.0
230.0
249.0
270.0
287.0
308.0
329.0
350.0
372.0
396.0
423.0
450.0
477.0
504.0
531.0
558.0
585.0
612.0
640.0
668.0
696.0
724.0
752.0
780.0
808.0
818.0
829.0
858.0
887.0
917.0
947.0
971.0
995.0
1024.0
1053.0
1083.0
1113.0
1144.0
1175.0
1206.0
1237.0
1268.0
1299.0
1330.0
1361.0
1392.0
1423.0
1454.0
1485.0
1236.0
1011.0
805.0
611.0
432.0
341.0
351.0
361.0
371.0
381.0
391.0
401.0
411.0
422.0
433.0
444.0
455.0
466.0
477.0
488.0
499.0
510.0
521.0
533.0
545.0
557.0
569.0
581.0
593.0
607.0
623.0
641.0
662.0
526.0
459.0
396.0
406.0
426.0
450.0
476.0
504.0
533.0
562.0
591.0
620.0
649.0
678.0
707.0
738.0
769.0
800.0
693.0
596.0
511.0
467.0
491.0
515.0
539.0
563.0
587.0
611.0
635.0
659.0
683.0
707.0
731.0
755.0
779.0
803.0
827.0
851.0
875.0
899.0
923.0
948.0
973.0
998.0
1023.0
1048.0
1074.0
1100.0
1127.0
1156.0
1186.0
1205.0
1230.0
1255.0
1284.0
1313.0
1342.0
1371.0
1400.0
1429.0
1458.0
1488.0
1518.0
1549.0
1580.0
1611.0
1642.0
1673.0
1704.0
1443.0
1181.0
918.0
657.0
463.0
272.0
280.0
289.0
298.0
307.0
316.0
326.0
334.0
344.0
352.0
361.0
370.0
379.0
388.0
398.0
410.0
424.0
438.0
454.0
471.0
488.0
506.0
524.0
542.0
560.0
579.0
601.0
605.0
518.0
450.0
456.0
461.0
469.0
492.0
518.0
544.0
571.0
599.0
627.0
655.0
683.0
711.0
739.0
768.0
798.0
828.0
711.0
598.0
494.0
458.0
482.0
506.0
530.0
554.0
578.0
602.0
626.0
650.0
674.0
698.0
722.0
746.0
770.0
794.0
818.0
842.0
866.0
890.0
914.0
938.0
962.0
986.0
1010.0
1034.0
1058.0
1082.0
1106.0
1133.0
1161.0
1185.0
1211.0
1239.0
1269.0
1300.0
1331.0
1362.0
1393.0
1424.0
1455.0
1486.0
1517.0
1548.0
1579.0
1610.0
1641.0
1672.0
1703.0
1433.0
1165.0
910.0
654.0
406.0
278.0
287.0
296.0
305.0
314.0
323.0
332.0
341.0
350.0
359.0
368.0
377.0
386.0
395.0
404.0
413.0
422.0
431.0
440.0
449.0
458.0
467.0
476.0
485.0
496.0
508.0
523.0
540.0
472.0
403.0
422.0
443.0
468.0
495.0
523.0
551.0
580.0
609.0
629.0
650.0
679.0
708.0
737.0
766.0
795.0
824.0
710.0
598.0
485.0
438.0
460.0
482.0
504.0
526.0
548.0
570.0
592.0
614.0
636.0
658.0
680.0
702.0
724.0
746.0
768.0
790.0
812.0
834.0
856.0
878.0
900.0
922.0
944.0
966.0
988.0
1010.0
1033.0
1058.0
1083.0
1108.0
1134.0
1161.0
1189.0
1217.0
1245.0
1273.0
1301.0
1329.0
1358.0
1387.0
1416.0
1445.0
1474.0
1503.0
1532.0
1561.0
1590.0
1327.0
1062.0
799.0
545.0
289.0
228.0
169.0
178.0
185.0
193.0
201.0
209.0
217.0
225.0
223.0
230.0
237.0
244.0
251.0
258.0
265.0
272.0
280.0
288.0
296.0
304.0
312.0
320.0
328.0
338.0
348.0
361.0
375.0
381.0
399.0
416.0
436.0
459.0
483.0
508.0
533.0
560.0
587.0
614.0
642.0
670.0
699.0
728.0
758.0
788.0
818.0
703.0
588.0
475.0
435.0
458.0
481.0
504.0
527.0
550.0
573.0
596.0
619.0
642.0
666.0
690.0
714.0
738.0
762.0
786.0
810.0
834.0
858.0
873.0
896.0
918.0
941.0
964.0
987.0
1010.0
1035.0
1060.0
1087.0
1115.0
1140.0
1169.0
1197.0
1227.0
1257.0
1287.0
1317.0
1347.0
1377.0
1407.0
1437.0
1467.0
1497.0
1527.0
1557.0
1588.0
1620.0
1653.0
1396.0
1140.0
885.0
631.0
376.0
257.0
268.0
279.0
290.0
301.0
312.0
323.0
334.0
345.0
356.0
367.0
379.0
392.0
402.0
411.0
422.0
433.0
444.0
455.0
467.0
479.0
491.0
503.0
515.0
527.0
541.0
556.0
572.0
502.0
510.0
530.0
553.0
578.0
603.0
629.0
657.0
686.0
716.0
746.0
777.0
809.0
841.0
873.0
905.0
937.0
969.0
800.0
629.0
459.0
410.0
432.0
454.0
476.0
498.0
520.0
542.0
564.0
587.0
610.0
633.0
657.0
681.0
706.0
731.0
756.0
781.0
806.0
831.0
856.0
881.0
906.0
931.0
956.0
964.0
975.0
1001.0
1027.0
1054.0
1082.0
1101.0
1122.0
1128.0
1154.0
1180.0
1206.0
1232.0
1258.0
1284.0
1310.0
1336.0
1362.0
1388.0
1414.0
1440.0
1467.0
1495.0
1523.0
1269.0
1018.0
764.0
510.0
253.0
124.0
134.0
144.0
154.0
164.0
174.0
184.0
194.0
204.0
214.0
224.0
234.0
244.0
254.0
264.0
274.0
284.0
294.0
305.0
317.0
329.0
341.0
353.0
366.0
381.0
396.0
413.0
432.0
434.0
443.0
454.0
470.0
492.0
516.0
542.0
570.0
599.0
629.0
659.0
689.0
719.0
749.0
779.0
809.0
839.0
870.0
721.0
573.0
431.0
384.0
406.0
428.0
450.0
472.0
494.0
516.0
538.0
560.0
583.0
606.0
629.0
653.0
673.0
694.0
714.0
736.0
758.0
780.0
802.0
825.0
848.0
872.0
897.0
922.0
947.0
972.0
998.0
1025.0
1052.0
1069.0
1086.0
1102.0
1128.0
1154.0
1180.0
1206.0
1232.0
1258.0
1284.0
1310.0
1336.0
1362.0
1388.0
1414.0
1441.0
1468.0
1495.0
1241.0
990.0
737.0
493.0
249.0
128.0
135.0
143.0
153.0
164.0
175.0
187.0
200.0
209.0
219.0
233.0
248.0
258.0
273.0
284.0
299.0
314.0
329.0
334.0
338.0
337.0
341.0
346.0
360.0
375.0
392.0
410.0
430.0
443.0
458.0
477.0
499.0
526.0
553.0
582.0
611.0
641.0
672.0
704.0
737.0
771.0
806.0
841.0
876.0
911.0
946.0
791.0
639.0
487.0
441.0
464.0
488.0
512.0
538.0
565.0
592.0
620.0
648.0
676.0
704.0
733.0
762.0
791.0
820.0
849.0
878.0
907.0
936.0
965.0
994.0
1023.0
1052.0
1081.0
1110.0
1139.0
1169.0
1199.0
1229.0
1259.0
1285.0
1315.0
1344.0
1374.0
1404.0
1435.0
1467.0
1499.0
1531.0
1563.0
1595.0
1627.0
1659.0
1691.0
1723.0
1755.0
1788.0
1821.0
1563.0
1454.0
1345.0
1237.0
1054.0
944.0
966.0
988.0
1010.0
1032.0
1054.0
1076.0
1098.0
1120.0
1142.0
1164.0
1186.0
1208.0
1230.0
1252.0
1274.0
1296.0
1319.0
1319.0
1130.0
962.0
795.0
716.0
730.0
746.0
761.0
778.0
798.0
739.0
685.0
632.0
648.0
676.0
706.0
737.0
768.0
799.0
831.0
863.0
895.0
927.0
959.0
991.0
1024.0
1057.0
1090.0
905.0
721.0
535.0
468.0
492.0
516.0
540.0
564.0
588.0
612.0
636.0
661.0
686.0
712.0
739.0
766.0
793.0
820.0
847.0
874.0
901.0
928.0
955.0
982.0
1009.0
1036.0
1063.0
1090.0
1117.0
1145.0
1173.0
1202.0
1231.0
1238.0
1245.0
1252.0
1280.0
1308.0
1336.0
1364.0
1392.0
1420.0
1448.0
1476.0
1504.0
1532.0
1560.0
1588.0
1616.0
1645.0
1675.0
1415.0
1155.0
893.0
629.0
363.0
310.0
250.0
261.0
272.0
283.0
294.0
305.0
316.0
327.0
338.0
349.0
360.0
371.0
382.0
393.0
404.0
415.0
426.0
439.0
452.0
465.0
480.0
495.0
511.0
528.0
548.0
569.0
592.0
526.0
467.0
483.0
499.0
518.0
548.0
578.0
609.0
640.0
671.0
702.0
733.0
764.0
795.0
826.0
858.0
890.0
922.0
851.0
780.0
756.0
783.0
810.0
758.0
706.0
654.0
602.0
626.0
651.0
676.0
701.0
726.0
752.0
778.0
804.0
830.0
856.0
883.0
908.0
934.0
960.0
986.0
1012.0
1038.0
1064.0
1090.0
1117.0
1144.0
1172.0
1200.0
1229.0
1233.0
1237.0
1243.0
1270.0
1297.0
1324.0
1351.0
1378.0
1405.0
1432.0
1459.0
1486.0
1513.0
1540.0
1567.0
1595.0
1623.0
1651.0
1386.0
1121.0
854.0
587.0
386.0
259.0
197.0
207.0
217.0
227.0
237.0
247.0
257.0
267.0
277.0
287.0
297.0
307.0
317.0
327.0
337.0
348.0
359.0
370.0
381.0
392.0
403.0
414.0
426.0
439.0
453.0
470.0
488.0
420.0
428.0
444.0
469.0
494.0
522.0
551.0
581.0
611.0
641.0
671.0
701.0
731.0
761.0
791.0
822.0
854.0
886.0
737.0
592.0
498.0
452.0
477.0
502.0
527.0
552.0
577.0
602.0
627.0
653.0
677.0
703.0
729.0
755.0
781.0
807.0
833.0
860.0
887.0
905.0
928.0
952.0
977.0
1002.0
1028.0
1052.0
1078.0
1105.0
1133.0
1162.0
1192.0
1218.0
1244.0
1273.0
1304.0
1335.0
1366.0
1398.0
1430.0
1462.0
1494.0
1526.0
1558.0
1590.0
1622.0
1654.0
1686.0
1719.0
1752.0
1497.0
1241.0
983.0
724.0
461.0
344.0
355.0
366.0
377.0
389.0
399.0
410.0
422.0
436.0
450.0
464.0
479.0
495.0
511.0
527.0
543.0
559.0
575.0
591.0
608.0
626.0
644.0
662.0
680.0
698.0
719.0
741.0
766.0
703.0
645.0
588.0
604.0
620.0
649.0
670.0
700.0
730.0
760.0
790.0
820.0
850.0
880.0
910.0
940.0
970.0
1001.0
833.0
719.0
605.0
563.0
587.0
611.0
635.0
659.0
683.0
707.0
731.0
755.0
779.0
803.0
827.0
851.0
875.0
900.0
926.0
952.0
979.0
1006.0
1033.0
1060.0
1087.0
1114.0
1141.0
1157.0
1173.0
1190.0
1218.0
1247.0
1277.0
1301.0
1324.0
1347.0
1375.0
1403.0
1431.0
1459.0
1487.0
1515.0
1543.0
1571.0
1599.0
1627.0
1655.0
1684.0
1713.0
1742.0
1772.0
1494.0
1213.0
929.0
646.0
366.0
240.0
251.0
262.0
273.0
284.0
295.0
307.0
318.0
328.0
339.0
350.0
361.0
372.0
383.0
394.0
405.0
416.0
427.0
438.0
449.0
460.0
471.0
482.0
493.0
505.0
519.0
534.0
552.0
489.0
428.0
452.0
478.0
505.0
534.0
557.0
586.0
616.0
646.0
676.0
706.0
736.0
754.0
783.0
812.0
841.0
870.0
721.0
571.0
472.0
423.0
444.0
465.0
486.0
507.0
528.0
549.0
570.0
591.0
612.0
633.0
654.0
675.0
698.0
721.0
745.0
769.0
793.0
818.0
843.0
869.0
896.0
923.0
950.0
977.0
1004.0
1031.0
1058.0
1086.0
1115.0
1142.0
1169.0
1197.0
1225.0
1253.0
1281.0
1309.0
1337.0
1365.0
1393.0
1421.0
1449.0
1477.0
1506.0
1535.0
1564.0
1593.0
1622.0
1507.0
1390.0
1274.0
1160.0
1045.0
928.0
948.0
968.0
988.0
1008.0
1028.0
1048.0
1068.0
1088.0
1108.0
1128.0
1148.0
1168.0
1188.0
1208.0
1228.0
1248.0
1173.0
1003.0
831.0
675.0
530.0
452.0
462.0
473.0
487.0
504.0
525.0
486.0
511.0
538.0
566.0
595.0
624.0
654.0
684.0
714.0
744.0
774.0
804.0
834.0
864.0
894.0
924.0
954.0
984.0
804.0
636.0
525.0
464.0
485.0
506.0
527.0
548.0
569.0
590.0
611.0
633.0
656.0
679.0
703.0
727.0
751.0
775.0
799.0
823.0
847.0
871.0
895.0
919.0
943.0
967.0
991.0
1015.0
1039.0
1063.0
1087.0
1112.0
1138.0
1142.0
1145.0
1149.0
1174.0
1199.0
1224.0
1249.0
1274.0
1299.0
1324.0
1349.0
1374.0
1399.0
1424.0
1449.0
1475.0
1501.0
1528.0
1336.0
1216.0
1094.0
971.0
694.0
560.0
426.0
437.0
448.0
459.0
390.0
322.0
335.0
348.0
361.0
374.0
387.0
400.0
413.0
426.0
439.0
452.0
466.0
480.0
494.0
508.0
523.0
538.0
554.0
571.0
589.0
608.0
629.0
639.0
526.0
538.0
425.0
447.0
469.0
485.0
506.0
528.0
550.0
572.0
596.0
620.0
645.0
670.0
695.0
722.0
749.0
650.0
551.0
452.0
406.0
430.0
454.0
479.0
504.0
529.0
555.0
582.0
610.0
638.0
666.0
694.0
722.0
751.0
780.0
809.0
838.0
867.0
896.0
925.0
954.0
983.0
1012.0
1041.0
1070.0
1101.0
1132.0
1165.0
1198.0
1233.0
1268.0
1304.0
1340.0
1376.0
1412.0
1448.0
1484.0
1520.0
1556.0
1592.0
1628.0
1664.0
1700.0
1736.0
1772.0
1808.0
1844.0
1880.0
1614.0
1349.0
1117.0
891.0
664.0
551.0
567.0
579.0
592.0
608.0
625.0
642.0
659.0
670.0
680.0
689.0
703.0
717.0
731.0
745.0
759.0
773.0
788.0
803.0
818.0
833.0
848.0
863.0
878.0
893.0
909.0
926.0
945.0
804.0
667.0
599.0
532.0
552.0
488.0
491.0
511.0
531.0
551.0
571.0
585.0
604.0
623.0
642.0
662.0
683.0
705.0
652.0
601.0
551.0
574.0
591.0
616.0
643.0
589.0
536.0
479.0
424.0
453.0
482.0
512.0
542.0
572.0
602.0
632.0
662.0
692.0
722.0
752.0
782.0
812.0
842.0
872.0
902.0
932.0
962.0
993.0
1025.0
1059.0
1094.0
1122.0
1154.0
1185.0
1220.0
1256.0
1292.0
1329.0
1366.0
1403.0
1440.0
1477.0
1514.0
1551.0
1588.0
1626.0
1664.0
1702.0
1740.0
1504.0
1292.0
1079.0
870.0
658.0
581.0
598.0
616.0
635.0
649.0
667.0
682.0
694.0
711.0
728.0
746.0
765.0
786.0
800.0
814.0
830.0
849.0
870.0
892.0
914.0
937.0
960.0
983.0
1007.0
1031.0
1056.0
1081.0
1107.0
965.0
826.0
749.0
690.0
634.0
578.0
598.0
618.0
638.0
658.0
678.0
698.0
718.0
738.0
759.0
780.0
802.0
825.0
650.0
531.0
410.0
359.0
375.0
391.0
408.0
426.0
446.0
468.0
491.0
515.0
540.0
565.0
590.0
615.0
640.0
569.0
547.0
569.0
591.0
614.0
621.0
573.0
578.0
583.0
601.0
619.0
639.0
660.0
685.0
711.0
739.0
764.0
794.0
824.0
854.0
884.0
914.0
944.0
974.0
1004.0
1034.0
1064.0
1094.0
1124.0
1155.0
1186.0
1217.0
1248.0
1279.0
1073.0
869.0
725.0
628.0
530.0
476.0
492.0
508.0
525.0
540.0
556.0
573.0
590.0
607.0
621.0
637.0
652.0
668.0
684.0
700.0
716.0
732.0
748.0
764.0
780.0
797.0
814.0
832.0
850.0
870.0
890.0
912.0
935.0
871.0
808.0
744.0
689.0
634.0
659.0
606.0
633.0
660.0
688.0
717.0
747.0
777.0
807.0
837.0
867.0
898.0
929.0
839.0
763.0
692.0
721.0
750.0
779.0
808.0
837.0
866.0
895.0
924.0
953.0
982.0
1011.0
1040.0
1069.0
1098.0
1127.0
1156.0
1185.0
1214.0
1243.0
1272.0
1301.0
1330.0
1359.0
1388.0
1418.0
1448.0
1478.0
1508.0
1539.0
1571.0
1603.0
1636.0
1670.0
1704.0
1738.0
1772.0
1806.0
1840.0
1874.0
1908.0
1942.0
1976.0
2010.0
2044.0
2078.0
2112.0
2146.0
2180.0
1997.0
1890.0
1633.0
1380.0
1134.0
884.0
821.0
833.0
846.0
859.0
873.0
884.0
895.0
906.0
918.0
929.0
941.0
953.0
965.0
977.0
989.0
1001.0
1013.0
1025.0
1037.0
1050.0
1063.0
1077.0
1093.0
1110.0
1128.0
1148.0
1168.0
1102.0
1039.0
976.0
987.0
999.0
1013.0
1036.0
1062.0
1088.0
1115.0
1142.0
1169.0
1196.0
1224.0
1252.0
1281.0
1311.0
1341.0
1046.0
755.0
537.0
387.0
410.0
434.0
458.0
483.0
508.0
533.0
559.0
586.0
613.0
641.0
669.0
697.0
725.0
754.0
784.0
811.0
837.0
865.0
893.0
921.0
949.0
977.0
1006.0
1033.0
1062.0
1093.0
1125.0
1159.0
1194.0
1220.0
1250.0
1282.0
1317.0
1352.0
1387.0
1422.0
1457.0
1492.0
1527.0
1562.0
1597.0
1632.0
1667.0
1702.0
1737.0
1772.0
1807.0
1630.0
1525.0
1434.0
1342.0
1253.0
1163.0
1185.0
1207.0
1229.0
1251.0
1273.0
1295.0
1317.0
1339.0
1361.0
1205.0
1055.0
905.0
755.0
689.0
702.0
715.0
728.0
741.0
754.0
767.0
780.0
793.0
807.0
822.0
839.0
858.0
879.0
813.0
747.0
682.0
620.0
557.0
581.0
527.0
550.0
573.0
596.0
619.0
642.0
665.0
688.0
711.0
734.0
758.0
783.0
663.0
543.0
422.0
373.0
393.0
414.0
435.0
457.0
480.0
503.0
526.0
550.0
575.0
600.0
626.0
653.0
680.0
708.0
736.0
764.0
792.0
820.0
848.0
876.0
904.0
933.0
962.0
988.0
1017.0
1048.0
1080.0
1113.0
1147.0
1170.0
1202.0
1234.0
1266.0
1298.0
1330.0
1362.0
1394.0
1426.0
1458.0
1490.0
1523.0
1556.0
1589.0
1622.0
1655.0
1688.0
1721.0
1483.0
1244.0
1004.0
764.0
528.0
431.0
443.0
455.0
467.0
479.0
491.0
503.0
515.0
527.0
539.0
551.0
563.0
575.0
587.0
599.0
611.0
623.0
635.0
647.0
659.0
671.0
683.0
695.0
707.0
719.0
733.0
746.0
763.0
695.0
628.0
561.0
501.0
445.0
462.0
408.0
426.0
449.0
473.0
498.0
523.0
548.0
574.0
601.0
628.0
655.0
683.0
517.0
470.0
423.0
387.0
412.0
437.0
463.0
489.0
516.0
544.0
572.0
600.0
628.0
656.0
684.0
712.0
740.0
768.0
796.0
824.0
852.0
880.0
908.0
936.0
964.0
992.0
1020.0
1048.0
1076.0
1105.0
1134.0
1164.0
1194.0
1225.0
1256.0
1288.0
1320.0
1352.0
1384.0
1416.0
1448.0
1480.0
1512.0
1544.0
1576.0
1608.0
1640.0
1672.0
1705.0
1738.0
1771.0
1518.0
1264.0
1013.0
770.0
541.0
444.0
455.0
466.0
477.0
488.0
500.0
512.0
524.0
536.0
548.0
560.0
572.0
584.0
596.0
608.0
620.0
632.0
644.0
656.0
668.0
681.0
694.0
707.0
720.0
733.0
747.0
763.0
779.0
699.0
629.0
561.0
492.0
423.0
441.0
376.0
395.0
415.0
436.0
457.0
478.0
499.0
521.0
543.0
567.0
592.0
617.0
513.0
420.0
370.0
321.0
343.0
366.0
389.0
412.0
437.0
463.0
489.0
515.0
541.0
567.0
593.0
619.0
645.0
671.0
697.0
723.0
749.0
775.0
801.0
827.0
853.0
879.0
905.0
931.0
957.0
983.0
1010.0
1037.0
1065.0
1094.0
1123.0
1152.0
1181.0
1211.0
1241.0
1271.0
1301.0
1331.0
1361.0
1391.0
1421.0
1451.0
1481.0
1511.0
1541.0
1571.0
1601.0
1346.0
1095.0
869.0
642.0
423.0
319.0
327.0
335.0
343.0
351.0
359.0
367.0
375.0
383.0
391.0
399.0
407.0
415.0
423.0
431.0
439.0
449.0
455.0
463.0
472.0
480.0
491.0
499.0
508.0
517.0
530.0
546.0
564.0
495.0
429.0
367.0
310.0
313.0
324.0
344.0
364.0
385.0
406.0
427.0
448.0
470.0
484.0
505.0
527.0
550.0
573.0
492.0
442.0
394.0
348.0
371.0
396.0
421.0
447.0
473.0
499.0
525.0
551.0
577.0
603.0
629.0
655.0
681.0
708.0
735.0
762.0
790.0
818.0
846.0
875.0
904.0
934.0
939.0
969.0
999.0
1029.0
1059.0
1089.0
1120.0
1149.0
1179.0
1209.0
1239.0
1269.0
1299.0
1329.0
1359.0
1389.0
1419.0
1449.0
1479.0
1509.0
1539.0
1569.0
1599.0
1629.0
1659.0
1398.0
1137.0
883.0
673.0
536.0
478.0
488.0
498.0
508.0
518.0
528.0
538.0
548.0
558.0
568.0
578.0
588.0
598.0
608.0
618.0
628.0
638.0
648.0
658.0
668.0
678.0
688.0
698.0
709.0
721.0
735.0
750.0
767.0
698.0
629.0
562.0
497.0
433.0
367.0
385.0
404.0
423.0
443.0
464.0
486.0
509.0
532.0
555.0
578.0
603.0
629.0
570.0
513.0
457.0
402.0
428.0
455.0
482.0
509.0
536.0
563.0
590.0
617.0
644.0
671.0
698.0
725.0
752.0
779.0
806.0
833.0
860.0
887.0
914.0
941.0
968.0
995.0
1022.0
1049.0
1076.0
1105.0
1134.0
1163.0
1193.0
1221.0
1251.0
1282.0
1313.0
1344.0
1375.0
1406.0
1437.0
1468.0
1499.0
1530.0
1561.0
1592.0
1623.0
1654.0
1685.0
1716.0
1747.0
1495.0
1241.0
986.0
730.0
481.0
433.0
443.0
453.0
463.0
473.0
483.0
493.0
503.0
513.0
523.0
533.0
543.0
553.0
563.0
573.0
583.0
593.0
603.0
613.0
624.0
635.0
646.0
658.0
673.0
689.0
707.0
728.0
749.0
684.0
619.0
555.0
492.0
429.0
364.0
386.0
408.0
431.0
454.0
477.0
500.0
523.0
546.0
569.0
593.0
617.0
641.0
592.0
543.0
498.0
452.0
476.0
501.0
526.0
551.0
576.0
601.0
626.0
651.0
676.0
701.0
726.0
751.0
776.0
801.0
826.0
851.0
876.0
901.0
926.0
951.0
976.0
1001.0
1026.0
1051.0
1076.0
1101.0
1126.0
1152.0
1179.0
1205.0
1232.0
1259.0
1287.0
1315.0
1344.0
1373.0
1402.0
1431.0
1460.0
1489.0
1518.0
1547.0
1576.0
1605.0
1634.0
1663.0
1692.0
1424.0
1155.0
885.0
631.0
373.0
263.0
270.0
277.0
284.0
291.0
298.0
305.0
312.0
319.0
326.0
333.0
340.0
347.0
355.0
363.0
372.0
381.0
391.0
403.0
417.0
432.0
447.0
462.0
477.0
494.0
512.0
531.0
552.0
486.0
422.0
358.0
361.0
368.0
374.0
394.0
414.0
434.0
454.0
474.0
494.0
514.0
534.0
554.0
574.0
595.0
617.0
568.0
519.0
471.0
424.0
444.0
465.0
486.0
508.0
530.0
554.0
578.0
602.0
628.0
655.0
682.0
709.0
736.0
763.0
790.0
817.0
844.0
871.0
898.0
925.0
952.0
979.0
1006.0
1033.0
1060.0
1088.0
1116.0
1145.0
1174.0
1204.0
1235.0
1266.0
1297.0
1328.0
1359.0
1390.0
1421.0
1452.0
1483.0
1514.0
1545.0
1576.0
1607.0
1638.0
1669.0
1700.0
1731.0
1482.0
1232.0
980.0
726.0
474.0
369.0
377.0
387.0
395.0
405.0
413.0
422.0
431.0
440.0
449.0
458.0
467.0
476.0
485.0
494.0
503.0
512.0
521.0
530.0
539.0
549.0
559.0
569.0
580.0
593.0
608.0
625.0
643.0
578.0
515.0
453.0
398.0
337.0
350.0
366.0
390.0
414.0
438.0
462.0
486.0
510.0
534.0
558.0
573.0
597.0
622.0
574.0
527.0
481.0
436.0
462.0
489.0
517.0
545.0
573.0
601.0
629.0
657.0
685.0
713.0
741.0
769.0
797.0
825.0
853.0
881.0
909.0
937.0
965.0
993.0
1021.0
1049.0
1077.0
1105.0
1133.0
1161.0
1189.0
1218.0
1248.0
1277.0
1307.0
1338.0
1369.0
1400.0
1432.0
1464.0
1496.0
1528.0
1560.0
1592.0
1624.0
1656.0
1688.0
1720.0
1752.0
1784.0
1816.0
1550.0
1296.0
1039.0
773.0
522.0
428.0
438.0
448.0
458.0
468.0
478.0
488.0
498.0
508.0
518.0
528.0
538.0
549.0
560.0
571.0
579.0
589.0
601.0
610.0
619.0
630.0
642.0
655.0
663.0
672.0
682.0
692.0
707.0
636.0
564.0
496.0
517.0
453.0
386.0
323.0
346.0
369.0
392.0
415.0
438.0
461.0
471.0
481.0
489.0
511.0
535.0
472.0
425.0
378.0
332.0
347.0
371.0
395.0
419.0
446.0
475.0
504.0
534.0
565.0
597.0
629.0
661.0
681.0
702.0
722.0
742.0
770.0
798.0
826.0
854.0
882.0
910.0
938.0
966.0
994.0
1022.0
1050.0
1079.0
1108.0
1138.0
1169.0
1200.0
1232.0
1264.0
1296.0
1328.0
1360.0
1392.0
1424.0
1456.0
1488.0
1520.0
1552.0
1584.0
1616.0
1648.0
1680.0
1425.0
1171.0
955.0
736.0
571.0
420.0
430.0
440.0
450.0
460.0
470.0
480.0
490.0
500.0
511.0
520.0
530.0
540.0
550.0
560.0
570.0
580.0
591.0
602.0
613.0
624.0
635.0
646.0
657.0
668.0
680.0
693.0
707.0
623.0
552.0
481.0
413.0
429.0
363.0
300.0
320.0
341.0
362.0
383.0
404.0
420.0
440.0
460.0
480.0
501.0
523.0
474.0
425.0
376.0
327.0
347.0
368.0
390.0
412.0
435.0
458.0
482.0
506.0
531.0
542.0
568.0
595.0
623.0
651.0
682.0
713.0
744.0
775.0
806.0
837.0
868.0
899.0
886.0
917.0
904.0
892.0
923.0
954.0
985.0
1016.0
1047.0
1078.0
1109.0
1140.0
1171.0
1202.0
1233.0
1264.0
1295.0
1326.0
1357.0
1388.0
1419.0
1450.0
1481.0
1512.0
1543.0
1292.0
1102.0
915.0
726.0
500.0
472.0
482.0
492.0
502.0
512.0
522.0
532.0
542.0
552.0
562.0
572.0
582.0
592.0
602.0
612.0
622.0
632.0
642.0
652.0
662.0
673.0
684.0
695.0
706.0
718.0
732.0
746.0
761.0
683.0
615.0
549.0
490.0
432.0
451.0
395.0
415.0
436.0
457.0
478.0
500.0
522.0
544.0
566.0
588.0
611.0
635.0
570.0
507.0
443.0
380.0
404.0
429.0
455.0
482.0
509.0
536.0
563.0
590.0
617.0
644.0
671.0
698.0
725.0
752.0
779.0
806.0
833.0
860.0
887.0
914.0
941.0
968.0
995.0
1022.0
1049.0
1076.0
1104.0
1132.0
1160.0
1189.0
1218.0
1247.0
1276.0
1305.0
1335.0
1366.0
1397.0
1428.0
1459.0
1490.0
1521.0
1552.0
1583.0
1614.0
1645.0
1676.0
1707.0
1448.0
1194.0
939.0
698.0
463.0
416.0
426.0
436.0
446.0
456.0
466.0
476.0
486.0
496.0
506.0
516.0
526.0
536.0
546.0
556.0
566.0
576.0
586.0
596.0
606.0
616.0
627.0
638.0
650.0
662.0
675.0
689.0
704.0
626.0
550.0
479.0
410.0
343.0
278.0
296.0
314.0
333.0
354.0
376.0
398.0
420.0
442.0
464.0
486.0
510.0
534.0
486.0
439.0
396.0
352.0
375.0
398.0
422.0
446.0
472.0
498.0
525.0
552.0
580.0
608.0
636.0
664.0
692.0
720.0
748.0
776.0
804.0
832.0
860.0
888.0
916.0
944.0
972.0
1000.0
1028.0
1057.0
1087.0
1118.0
1149.0
1177.0
1204.0
1234.0
1265.0
1296.0
1328.0
1360.0
1392.0
1424.0
1456.0
1488.0
1520.0
1552.0
1584.0
1616.0
1648.0
1680.0
1712.0
1458.0
1207.0
976.0
747.0
518.0
420.0
431.0
440.0
451.0
461.0
471.0
482.0
495.0
507.0
514.0
522.0
535.0
548.0
555.0
562.0
568.0
578.0
589.0
601.0
614.0
627.0
641.0
656.0
672.0
688.0
705.0
724.0
746.0
670.0
592.0
516.0
452.0
392.0
332.0
353.0
374.0
396.0
418.0
440.0
463.0
487.0
511.0
535.0
560.0
586.0
612.0
565.0
520.0
478.0
436.0
461.0
487.0
513.0
540.0
567.0
594.0
621.0
648.0
675.0
702.0
729.0
756.0
783.0
810.0
837.0
864.0
891.0
918.0
945.0
972.0
999.0
1026.0
1053.0
1080.0
1107.0
1134.0
1161.0
1188.0
1215.0
1242.0
1269.0
1296.0
1323.0
1350.0
1377.0
1404.0
1431.0
1458.0
1485.0
1512.0
1539.0
1566.0
1593.0
1620.0
1647.0
1674.0
1701.0
1437.0
1171.0
906.0
641.0
464.0
333.0
339.0
345.0
351.0
357.0
363.0
369.0
375.0
381.0
387.0
393.0
399.0
405.0
411.0
417.0
424.0
432.0
440.0
448.0
453.0
464.0
470.0
473.0
479.0
482.0
488.0
501.0
513.0
439.0
366.0
295.0
227.0
159.0
93.0
107.0
111.0
118.0
134.0
148.0
164.0
180.0
196.0
212.0
228.0
245.0
262.0
280.0
299.0
318.0
338.0
359.0
380.0
401.0
423.0
446.0
469.0
493.0
517.0
542.0
567.0
593.0
619.0
645.0
671.0
697.0
723.0
749.0
775.0
801.0
827.0
853.0
879.0
905.0
931.0
957.0
983.0
1009.0
1035.0
1061.0
1087.0
1113.0
1139.0
1165.0
1191.0
1217.0
1243.0
1269.0
1295.0
1321.0
1347.0
1373.0
1399.0
1425.0
1451.0
1477.0
1503.0
1529.0
1289.0
1046.0
801.0
564.0
330.0
221.0
225.0
229.0
233.0
237.0
241.0
245.0
249.0
253.0
257.0
261.0
265.0
269.0
273.0
278.0
284.0
290.0
296.0
302.0
309.0
316.0
323.0
330.0
337.0
346.0
355.0
367.0
378.0
294.0
211.0
135.0
65.0
56.0
67.0
60.0
74.0
90.0
106.0
124.0
142.0
156.0
173.0
191.0
209.0
228.0
247.0
268.0
289.0
311.0
329.0
350.0
372.0
395.0
418.0
442.0
468.0
495.0
522.0
550.0
578.0
606.0
634.0
662.0
690.0
718.0
746.0
774.0
802.0
830.0
858.0
886.0
914.0
942.0
970.0
998.0
1026.0
1054.0
1082.0
1110.0
1138.0
1166.0
1194.0
1222.0
1250.0
1278.0
1306.0
1334.0
1362.0
1390.0
1418.0
1446.0
1474.0
1502.0
1530.0
1558.0
1586.0
1614.0
1357.0
1104.0
872.0
639.0
408.0
323.0
329.0
335.0
341.0
347.0
353.0
359.0
365.0
371.0
377.0
383.0
389.0
395.0
401.0
407.0
413.0
419.0
426.0
433.0
440.0
448.0
457.0
466.0
476.0
486.0
498.0
513.0
528.0
444.0
363.0
284.0
212.0
148.0
84.0
100.0
117.0
134.0
152.0
170.0
188.0
206.0
224.0
242.0
260.0
280.0
301.0
323.0
346.0
369.0
393.0
417.0
442.0
467.0
492.0
517.0
542.0
567.0
592.0
617.0
642.0
667.0
692.0
717.0
742.0
767.0
792.0
817.0
842.0
867.0
892.0
917.0
942.0
967.0
992.0
1017.0
1042.0
1067.0
1092.0
1117.0
1142.0
1167.0
1192.0
1217.0
1242.0
1267.0
1292.0
1317.0
1342.0
1367.0
1392.0
1417.0
1442.0
1467.0
1492.0
1517.0
1542.0
1567.0
1300.0
1036.0
776.0
525.0
288.0
175.0
178.0
181.0
184.0
187.0
190.0
193.0
196.0
199.0
202.0
205.0
208.0
211.0
214.0
217.0
220.0
224.0
228.0
233.0
238.0
243.0
249.0
255.0
261.0
268.0
275.0
283.0
292.0
214.0
136.0
59.0
55.0
51.0
48.0
58.0
69.0
81.0
93.0
105.0
117.0
129.0
141.0
153.0
166.0
180.0
194.0
209.0
224.0
239.0
254.0
269.0
284.0
299.0
314.0
329.0
344.0
359.0
374.0
389.0
404.0
419.0
434.0
449.0
464.0
479.0
494.0
509.0
524.0
539.0
554.0
569.0
584.0
599.0
614.0
629.0
644.0
659.0
674.0
689.0
704.0
719.0
734.0
749.0
764.0
779.0
794.0
809.0
824.0
839.0
854.0
869.0
884.0
899.0
914.0
929.0
944.0
959.0
831.0
702.0
571.0
441.0
310.0
176.0
179.0
182.0
185.0
188.0
191.0
194.0
197.0
200.0
203.0
206.0
209.0
212.0
215.0
219.0
223.0
227.0
231.0
235.0
240.0
245.0
250.0
256.0
262.0
268.0
274.0
281.0
290.0
212.0
133.0
55.0
45.0
39.0
35.0
43.0
51.0
59.0
67.0
75.0
83.0
84.0
91.0
98.0
105.0
112.0
121.0
131.0
141.0
153.0
165.0
178.0
192.0
206.0
221.0
236.0
251.0
266.0
281.0
297.0
314.0
332.0
350.0
368.0
386.0
404.0
422.0
440.0
458.0
476.0
494.0
512.0
530.0
548.0
566.0
584.0
602.0
620.0
638.0
656.0
674.0
692.0
710.0
728.0
746.0
764.0
782.0
800.0
818.0
836.0
854.0
872.0
890.0
908.0
926.0
944.0
962.0
980.0
855.0
728.0
620.0
512.0
402.0
302.0
308.0
314.0
320.0
326.0
332.0
338.0
344.0
350.0
356.0
362.0
368.0
374.0
380.0
386.0
392.0
398.0
404.0
410.0
416.0
422.0
428.0
434.0
440.0
446.0
453.0
460.0
467.0
389.0
311.0
233.0
164.0
95.0
26.0
32.0
38.0
44.0
50.0
56.0
62.0
68.0
74.0
80.0
87.0
94.0
102.0
111.0
120.0
129.0
139.0
149.0
160.0
172.0
185.0
198.0
212.0
227.0
242.0
257.0
273.0
290.0
307.0
325.0
343.0
361.0
379.0
397.0
415.0
433.0
451.0
469.0
487.0
505.0
523.0
541.0
559.0
577.0
595.0
613.0
631.0
649.0
667.0
685.0
703.0
721.0
739.0
757.0
775.0
793.0
811.0
829.0
847.0
865.0
883.0
901.0
919.0
937.0
833.0
730.0
625.0
521.0
418.0
315.0
321.0
327.0
333.0
339.0
345.0
351.0
357.0
363.0
369.0
375.0
381.0
387.0
393.0
399.0
405.0
411.0
417.0
423.0
429.0
435.0
441.0
447.0
453.0
459.0
466.0
473.0
481.0
401.0
322.0
242.0
167.0
94.0
23.0
27.0
31.0
35.0
39.0
44.0
49.0
54.0
59.0
64.0
70.0
77.0
85.0
93.0
101.0
109.0
117.0
126.0
135.0
145.0
155.0
165.0
175.0
185.0
195.0
205.0
215.0
225.0
235.0
245.0
255.0
265.0
275.0
285.0
295.0
305.0
315.0
325.0
335.0
345.0
355.0
365.0
375.0
385.0
395.0
405.0
415.0
425.0
435.0
445.0
455.0
465.0
475.0
485.0
495.0
505.0
515.0
525.0
535.0
545.0
555.0
565.0
575.0
585.0
474.0
363.0
298.0
234.0
174.0
177.0
180.0
183.0
186.0
189.0
192.0
195.0
198.0
201.0
204.0
207.0
210.0
213.0
216.0
219.0
222.0
225.0
228.0
231.0
234.0
237.0
240.0
243.0
246.0
249.0
252.0
255.0
258.0
173.0
87.0
0.0
0.0
0.0
0.0
0.0
0.0
0.0
0.0
0.0
0.0
0.0
0.0
0.0
0.0
0.0
0.0
0.0
0.0
0.0
0.0
0.0
0.0
0.0
0.0
0.0
0.0
0.0
0.0
0.0
0.0
