0
0
0
0
0
0
0
0
0
0
0
0
0
0
0
0
0
0
0
0
0
0
0
0
0
0
0
0
0
0
0
0
0
0
0
0
0
0
0
0
1
2
2
2
2
2
2
2
2
2
2
1
0
0
0
0
0
0
0
0
0
0
0
0
0
0
1
1
1
1
1
1
1
1
1
1
1
1
1
1
1
1
1
1
1
1
1
1
1
1
1
1
1
1
1
1
1
1
1
1
2
2
3
3
3
3
4
5
5
6
6
6
7
7
7
7
7
7
7
7
7
7
7
6
4
4
4
4
4
4
5
5
5
6
6
6
6
6
6
7
7
7
7
7
7
9
9
10
10
10
10
10
10
10
10
10
9
7
7
8
8
8
8
8
8
9
9
9
10
10
10
11
11
11
7
4
3
2
1
1
1
1
1
1
1
2
2
3
4
4
4
4
4
4
4
4
4
4
5
5
5
5
6
7
7
7
6
6
6
6
7
9
9
7
7
7
8
8
9
9
9
10
10
10
11
13
13
13
13
13
13
13
13
13
14
14
15
16
17
18
18
19
19
19
21
22
17
14
14
14
14
14
14
14
15
17
17
17
17
17
17
17
17
17
18
18
18
19
19
19
19
20
20
20
20
20
20
21
21
22
21
20
19
19
19
21
22
23
23
24
25
26
26
27
28
28
30
26
23
21
19
17
20
18
17
18
18
19
18
18
18
19
20
20
20
20
21
23
24
25
25
26
26
27
27
27
28
28
29
31
31
32
33
33
33
35
33
33
31
31
32
32
33
34
36
37
36
37
37
37
37
40
39
39
39
39
41
42
42
43
44
46
46
47
47
49
49
50
51
46
41
37
32
29
28
27
28
28
27
26
25
24
23
22
23
22
22
24
24
24
25
24
24
24
24
24
25
26
26
26
28
29
27
25
23
23
24
24
24
24
26
29
29
29
29
31
33
34
34
36
32
31
31
31
31
30
31
30
31
31
31
30
31
31
31
31
33
33
33
33
34
35
36
36
38
39
40
41
41
44
47
47
50
53
55
57
60
61
63
62
61
58
56
56
54
54
56
57
57
57
58
58
59
59
62
62
63
64
65
66
66
66
68
68
70
70
72
72
73
74
76
77
72
67
63
63
60
59
56
56
55
55
54
52
49
48
49
50
50
47
45
44
44
45
46
45
45
46
45
44
45
45
48
49
51
51
50
52
52
51
52
52
52
53
54
55
57
59
60
61
62
64
67
65
62
62
63
61
63
63
61
60
58
58
58
56
57
58
58
58
59
58
59
59
61
63
63
62
62
63
63
63
64
65
71
73
77
80
80
83
85
87
86
83
81
80
80
79
80
81
83
84
84
85
85
85
87
88
90
91
93
93
95
98
98
99
99
99
102
104
107
108
110
111
112
107
103
99
94
90
88
86
85
85
84
83
81
79
76
73
71
70
67
65
65
64
62
61
59
58
56
55
52
50
53
51
53
56
57
58
59
57
56
56
56
58
59
61
61
65
64
65
66
69
72
72
70
69
68
66
67
65
66
64
66
65
66
66
66
64
63
64
63
62
63
63
64
64
64
64
66
67
69
70
72
74
75
79
82
85
87
91
91
91
93
93
94
92
94
92
93
93
94
93
93
95
98
98
100
99
100
99
101
102
104
104
104
105
106
106
108
108
111
113
116
117
117
119
119
117
118
116
118
120
122
125
125
125
125
126
127
129
129
130
130
129
127
125
122
120
117
115
107
101
98
97
96
92
89
86
85
86
82
79
79
79
81
85
87
91
90
88
91
94
96
96
103
100
98
96
95
96
95
100
100
100
100
100
98
99
97
102
98
96
94
94
93
93
94
95
98
97
98
98
96
94
93
96
98
99
100
99
102
101
105
106
105
108
107
104
103
101
99
97
98
98
98
96
97
96
96
95
97
97
97
100
101
103
106
108
109
111
111
113
114
116
120
121
122
125
127
127
124
122
119
116
116
114
116
114
116
118
114
111
111
108
106
107
108
107
106
98
95
92
91
90
88
87
87
88
91
92
92
94
96
97
97
100
101
100
99
100
102
102
104
103
100
102
104
106
107
108
107
109
107
106
106
107
106
108
107
106
106
107
108
109
112
112
115
116
114
114
110
111
109
106
106
105
104
103
103
102
105
108
106
107
105
105
109
108
108
108
109
109
108
109
109
110
115
114
116
117
117
116
117
115
117
114
116
113
114
117
117
116
116
115
114
113
113
115
115
114
116
118
115
115
113
112
109
108
107
107
105
103
107
105
103
106
105
104
103
102
101
102
104
105
105
106
106
106
108
112
111
112
109
109
110
112
110
111
111
114
112
113
115
115
115
115
115
116
119
121
124
125
130
131
134
139
139
141
139
142
143
143
145
144
147
146
147
149
151
151
152
153
154
155
154
155
157
156
155
157
158
158
158
159
161
161
161
163
164
164
163
163
162
160
157
155
153
151
148
148
147
145
144
144
143
143
142
143
141
140
139
138
137
139
138
138
138
139
139
141
140
142
143
143
143
141
142
139
138
138
136
136
137
138
140
139
137
134
131
131
129
126
126
128
123
122
124
124
127
130
128
128
130
133
134
133
136
137
135
132
132
130
128
127
127
131
129
130
130
127
128
129
132
134
134
135
136
133
138
137
136
136
139
138
136
136
133
133
134
134
133
133
133
132
132
131
128
127
130
133
133
133
135
133
134
135
136
137
138
141
142
140
139
144
144
142
140
137
135
135
134
134
135
134
132
132
132
132
132
134
130
129
128
128
130
131
132
130
133
136
141
142
143
144
145
147
148
152
150
151
149
148
147
146
149
149
149
148
148
147
146
144
143
142
142
137
133
128
126
125
123
123
125
127
126
127
129
129
130
132
132
132
132
132
132
131
129
129
125
123
122
121
124
121
124
128
126
126
132
132
131
131
131
129
130
127
125
125
124
121
120
120
119
118
117
118
116
116
117
117
118
117
117
117
116
116
116
116
119
119
122
124
123
126
128
131
132
136
131
131
130
129
128
126
126
125
124
124
124
123
124
123
123
123
122
122
122
124
124
126
129
128
128
128
131
131
131
134
134
136
139
138
137
135
137
137
141
142
142
143
143
142
141
140
141
142
141
139
135
134
129
126
122
120
118
118
115
116
116
113
114
115
114
117
115
110
115
116
116
119
119
115
117
118
115
113
113
116
118
124
127
132
133
132
132
133
134
136
136
135
136
135
134
133
132
132
131
132
132
130
129
128
126
130
129
130
131
127
128
127
129
129
130
134
137
138
139
140
142
140
145
143
142
137
135
138
135
132
129
130
129
133
129
128
130
129
130
132
134
134
135
136
141
143
143
145
148
148
150
152
154
154
158
160
158
158
152
150
146
147
144
143
139
136
136
133
129
128
126
124
120
119
116
117
117
116
115
114
107
106
105
106
111
109
112
113
114
115
118
122
123
124
126
124
125
128
127
131
133
135
137
140
142
145
146
146
147
149
150
150
154
153
151
152
152
150
152
151
151
150
149
150
150
148
148
147
147
149
150
150
150
151
149
150
149
148
147
150
150
149
150
151
152
150
146
145
144
145
142
145
138
137
135
129
130
131
130
130
129
127
126
124
123
123
123
127
129
130
130
130
131
133
134
133
133
136
134
130
126
126
127
124
123
121
118
116
115
113
113
114
113
113
114
112
113
113
118
120
122
124
124
115
115
114
116
115
120
124
128
128
128
130
128
126
128
130
130
131
134
136
135
138
138
141
142
141
143
146
143
147
141
141
141
141
140
143
145
141
142
144
144
145
143
145
143
138
139
139
137
135
137
138
137
137
136
134
137
134
135
134
132
133
133
139
139
139
137
136
134
134
136
133
128
127
126
122
119
119
120
119
119
118
119
118
117
117
116
117
117
120
121
122
122
124
123
125
126
128
131
134
132
129
126
125
124
123
124
121
122
119
121
120
120
119
119
116
116
113
113
117
118
121
120
124
125
127
127
128
129
130
132
134
133
131
130
129
123
122
123
125
130
129
129
132
132
134
139
138
142
142
145
145
143
142
144
148
146
147
143
144
142
140
137
135
135
135
135
133
130
130
128
128
125
124
124
123
123
123
122
120
119
122
125
126
126
125
126
127
128
129
125
123
123
121
118
114
114
113
112
112
110
111
111
110
110
111
113
113
115
117
116
118
123
127
126
130
131
135
136
138
140
139
141
139
138
139
136
137
138
138
139
138
138
137
136
133
130
131
130
128
128
128
130
131
133
133
132
130
128
116
115
119
120
119
119
121
117
119
120
119
117
117
115
115
117
117
115
116
118
120
121
120
124
124
124
124
122
121
120
120
119
121
119
118
117
117
114
115
113
113
114
113
113
114
114
115
117
117
117
120
120
121
122
122
121
123
123
126
128
131
133
134
135
133
132
132
132
131
130
131
130
131
130
131
130
132
130
132
131
130
129
129
132
131
130
130
129
129
128
128
127
127
128
128
130
130
130
128
129
128
128
127
128
127
129
127
127
125
123
122
121
117
114
103
101
96
94
95
92
92
92
91
92
92
87
87
89
87
88
86
87
89
90
91
88
88
90
90
95
98
97
99
98
102
107
110
111
111
110
110
109
110
108
108
107
107
108
107
107
106
105
105
105
102
102
102
102
102
102
101
102
101
101
100
99
99
99
101
101
104
107
110
112
114
116
115
115
112
115
112
112
112
111
112
110
110
108
108
108
109
110
110
114
114
116
118
119
122
124
127
128
128
127
128
132
131
130
132
130
127
122
118
112
109
109
108
105
104
101
103
97
96
93
93
92
93
93
91
91
94
95
97
97
95
93
92
92
94
97
96
96
95
96
95
97
97
100
101
102
105
105
111
113
117
116
118
124
126
126
128
127
127
127
128
127
127
129
130
129
130
131
129
130
129
128
126
126
124
123
121
121
123
123
121
123
124
124
124
126
127
128
130
133
137
138
138
138
140
141
139
136
133
131
129
128
128
128
126
123
123
123
123
119
119
118
114
114
114
113
111
115
117
117
117
119
121
120
121
122
124
125
127
125
121
117
115
112
113
109
107
105
103
102
99
99
97
94
93
92
90
89
90
89
91
91
93
80
81
84
83
85
87
86
90
91
92
92
95
96
98
99
101
103
103
106
108
109
110
112
113
115
115
117
117
118
116
115
115
115
114
114
114
113
112
111
110
110
111
111
112
112
112
113
114
114
115
114
115
115
114
114
114
115
117
118
118
120
121
123
124
125
125
125
126
125
122
122
122
121
121
122
121
121
119
120
118
118
116
114
111
110
111
110
111
110
110
110
109
109
109
108
108
109
110
110
107
104
103
101
99
97
95
96
95
95
94
93
93
94
94
94
94
93
92
91
90
93
92
92
92
92
90
90
92
91
90
90
93
89
89
91
91
89
91
92
92
92
93
93
95
95
97
97
100
100
100
101
100
99
97
98
96
94
94
94
95
95
96
94
94
93
93
93
93
93
93
94
94
95
96
97
97
98
99
100
101
101
103
104
107
107
108
111
111
112
110
109
107
105
104
102
101
99
98
97
95
93
93
93
91
89
87
86
85
83
84
86
86
87
86
86
88
88
90
91
93
95
96
96
95
94
93
94
95
95
96
97
98
100
99
99
99
98
99
98
99
100
99
100
100
100
100
101
100
96
95
94
94
94
95
93
91
90
86
85
85
88
87
88
87
89
87
88
87
87
88
90
89
90
89
89
90
89
89
88
88
87
87
86
86
85
85
85
84
83
83
84
85
84
85
85
86
87
89
90
90
91
92
92
93
95
96
97
99
100
103
102
104
103
103
102
101
99
98
96
94
92
92
90
88
88
86
86
85
86
85
86
86
88
89
89
91
94
97
101
100
102
104
107
109
111
111
109
109
110
108
109
111
111
112
111
110
107
104
101
97
94
92
88
86
84
82
76
75
73
69
67
66
64
61
58
63
63
64
60
64
63
63
62
65
71
69
69
72
76
75
75
76
76
78
82
85
80
78
79
81
79
80
80
82
82
85
86
85
85
85
85
85
84
84
84
85
86
84
84
87
86
86
85
86
86
88
87
86
88
87
88
89
89
90
91
89
88
87
86
86
84
85
84
82
81
81
81
81
80
79
78
77
77
79
80
83
85
85
86
89
88
89
90
90
91
90
91
91
86
83
79
75
73
72
73
72
72
73
74
71
69
68
66
66
65
63
61
61
60
61
59
59
58
57
53
53
52
50
51
54
52
49
50
47
48
49
49
50
51
53
54
55
57
59
62
64
67
68
70
70
70
69
68
67
67
67
67
67
67
67
67
65
67
65
66
67
68
68
69
71
73
73
74
74
76
77
79
79
79
80
81
82
83
86
87
89
90
91
90
91
90
89
89
89
88
87
87
86
85
85
85
86
86
86
86
86
86
86
87
87
87
88
87
83
83
83
85
86
87
88
92
87
83
81
80
76
74
75
72
72
69
66
62
60
56
54
52
49
49
46
42
44
45
44
45
46
46
37
37
35
35
37
39
40
41
41
42
45
44
46
47
48
50
52
53
54
54
57
58
58
60
61
61
62
64
65
65
66
66
66
67
67
68
68
68
69
69
68
69
70
69
68
67
67
67
67
67
68
69
70
71
73
74
74
73
75
74
75
76
75
77
75
74
74
72
72
72
73
75
78
78
80
81
82
83
85
87
88
89
91
91
92
93
94
94
94
94
94
94
94
94
94
94
94
89
85
81
77
73
71
68
68
66
64
64
62
61
59
57
56
56
55
57
56
55
57
59
59
59
49
47
50
38
45
40
38
37
39
42
45
44
49
48
49
52
55
57
58
57
57
57
61
60
58
59
62
59
60
61
60
60
61
60
57
57
56
56
57
57
59
58
58
58
57
57
56
54
54
55
55
56
54
54
55
56
56
57
57
59
62
63
64
67
69
71
71
72
74
76
75
77
77
78
79
81
81
81
82
83
83
83
83
83
83
83
83
83
83
84
84
85
85
86
86
87
87
87
84
80
76
74
70
69
66
66
64
63
63
60
56
54
52
49
44
40
37
35
35
34
33
32
33
31
30
31
32
32
29
28
29
29
27
28
29
29
32
32
33
33
36
36
38
39
39
41
44
44
47
50
50
52
51
52
50
52
51
51
51
51
51
50
49
48
47
47
47
47
47
47
48
48
48
48
49
49
50
51
53
54
55
57
57
59
60
62
62
64
62
62
62
64
65
66
66
68
68
70
70
72
72
73
73
73
74
74
74
74
75
75
75
77
77
78
78
79
79
81
81
82
84
79
77
74
70
67
66
64
62
60
58
57
55
53
52
50
49
47
44
41
40
39
38
37
37
35
33
29
24
22
20
21
22
25
25
25
23
25
25
27
28
29
29
30
30
32
34
35
36
38
40
40
41
44
43
45
47
47
47
47
48
49
49
49
50
49
49
48
48
49
50
50
50
50
50
51
51
51
52
52
54
53
54
56
57
59
59
61
63
63
64
63
63
64
64
65
66
66
67
68
70
71
72
73
74
74
75
75
76
77
77
80
79
80
81
83
84
84
85
85
85
86
87
88
83
78
73
68
63
61
57
55
54
53
51
49
47
45
42
40
38
35
33
33
32
32
31
31
24
21
21
20
19
21
21
23
22
25
23
24
25
28
28
30
32
33
34
35
36
36
38
38
40
42
43
42
43
43
43
45
45
46
48
48
50
51
51
51
52
52
53
54
55
55
56
57
58
61
62
63
65
65
67
68
70
73
73
75
77
79
81
82
84
84
84
84
85
86
87
87
88
89
89
89
89
89
89
89
89
89
89
89
89
89
89
90
90
90
91
91
91
91
92
93
93
93
94
89
86
81
77
73
72
70
69
67
65
64
61
58
55
51
50
46
43
41
38
35
33
30
30
29
30
30
28
29
29
30
33
34
33
37
36
37
36
37
40
40
42
36
36
37
38
41
41
41
43
46
46
47
47
47
47
47
47
48
51
52
53
54
55
55
55
54
54
52
51
50
49
48
48
49
51
53
53
54
54
55
55
56
58
60
60
62
64
65
66
68
68
69
70
71
73
74
75
77
77
77
80
81
83
84
85
86
87
88
88
88
88
88
88
88
88
88
88
88
88
88
88
88
83
79
75
71
67
65
62
59
57
56
54
53
51
49
47
45
43
41
39
38
38
37
37
36
27
24
26
22
21
21
21
22
27
27
26
25
28
27
28
28
29
30
33
34
36
37
38
39
39
40
39
39
39
38
39
38
39
37
38
38
39
39
38
39
39
40
39
39
39
38
41
42
43
44
46
47
48
49
51
49
50
50
51
52
55
56
57
60
60
61
60
61
62
62
62
64
65
65
66
66
66
66
66
66
67
67
67
67
67
67
68
68
68
68
68
68
68
68
68
68
68
69
69
65
62
57
53
49
49
48
46
45
45
45
44
41
39
37
36
35
33
31
28
26
22
21
21
21
22
22
23
25
28
29
28
31
29
28
29
30
33
32
30
31
31
35
33
33
34
35
35
35
36
36
35
35
34
35
34
33
34
34
34
35
36
35
36
35
36
36
36
36
36
37
37
37
39
40
40
40
40
41
42
40
41
42
42
43
44
45
48
49
51
52
53
54
54
57
58
57
60
60
61
61
61
61
61
61
61
58
58
58
58
58
60
62
63
65
65
67
71
73
74
76
76
76
72
68
65
60
56
54
51
48
46
43
43
41
40
39
36
33
31
31
30
29
29
28
29
29
30
26
25
24
23
23
22
24
26
23
22
22
24
25
26
27
29
29
30
32
33
36
37
38
38
40
41
40
38
37
36
36
35
35
36
36
37
37
36
36
36
35
35
35
35
36
37
37
37
38
38
38
38
41
40
38
39
39
41
42
41
40
41
41
43
43
44
45
45
46
47
48
48
49
49
50
50
50
52
53
55
56
57
59
61
62
64
64
67
66
66
67
67
67
68
68
68
68
68
64
59
54
49
44
41
37
34
33
32
31
31
27
25
24
23
21
20
19
19
19
19
19
19
19
19
19
19
19
19
21
22
23
21
21
20
20
20
21
22
23
24
24
25
26
26
27
27
27
27
28
27
27
26
26
25
24
23
25
24
26
25
25
24
23
23
23
23
24
26
27
27
28
28
27
28
29
29
28
28
30
28
30
30
33
34
35
37
39
41
41
41
41
42
42
43
43
44
45
46
46
46
46
46
46
46
46
46
46
46
46
46
46
46
46
46
46
46
46
46
46
46
46
41
36
33
30
27
25
23
21
19
19
19
18
17
17
16
15
14
14
13
12
12
12
12
12
12
12
12
12
12
12
12
13
14
13
14
14
15
15
16
16
17
17
17
17
18
19
21
21
21
21
21
21
21
20
19
19
18
20
19
19
18
18
17
17
18
18
19
20
20
20
20
20
21
21
20
20
20
20
20
19
19
21
21
22
22
24
24
24
24
23
22
22
22
22
22
22
22
22
22
22
22
23
23
23
23
23
23
23
23
23
23
23
23
23
23
23
23
23
23
23
23
23
23
20
17
14
11
8
7
5
4
3
2
2
2
2
2
2
2
2
2
2
2
2
2
2
2
2
2
2
2
2
2
2
2
2
1
1
1
1
1
1
1
1
1
1
1
1
1
1
1
1
1
1
0
0
0
0
0
0
0
0
0
0
0
0
0
0
0
0
0
0
0
0
0
0
0
0
0
0
0
0
0
0
0
0
0
0
0
0
0
0
0
0
0
0
0
0
0
0
0
0
0
0
0
0
0
0
0
0
0
0
0
0
0
0
0
0
0
0
0
0
0
0
0
0
0
0
0
0
0
0
0
0
0
0
0
0
0
0
0
0
0
0
0
0
0
0
0
0
0
0
0
0
0
0
0
0
0
0
0
0
0
0
0
0
0
0
0
0
0
0
0
0
0
0
0
0
0
0
0
0
0
0
0
0
0
0
0
0
0
0
0
0
0
0
0
0
0
0
0
0
0
0
0
0
0
0
0
0
0
0
0
0
0
0
0
0
0
0
0
0
0
0
0
0
0
0
0
0
0
0
0
0
0
0
0
0
0
0
0
0
0
0
0
0
0
0
0
0
0
0
0
0
0
0
0
0
0
0
0
0
0
0
0
0
0
0
0
0
0
0
0
0
0
0
0
0
0
0
0
0
0
0
0
0
0
0
0
0
0
0
0
0
0
0
0
0
0
0
0
0
0
0
0
0
0
0
0
0
0
0
0
0
0
0
0
0
0
0
0
0
0
0
0
0
0
0
0
0
0
0
0
0
0
0
0
0
0
0
0
0
0
0
0
0
0
0
0
0
0
0
0
0
0
0
0
0
0
0
0
0
0
0
0
0
0
0
0
0
0
0
