0
0
0
0
0
0
0
0
0
0
0
0
0
0
0
0
0
0
0
0
0
0
0
0
0
0
0
0
0
0
0
0
0
0
0
0
1
1
1
1
1
1
1
2
2
1
1
1
1
1
1
1
1
1
1
1
1
1
1
1
1
1
1
1
2
2
2
2
3
3
3
3
3
3
3
3
3
3
6
6
6
6
6
7
7
7
8
7
7
8
5
5
5
6
7
7
7
7
7
7
7
7
7
7
7
7
7
7
7
7
7
7
7
7
7
7
7
7
8
8
8
9
9
10
9
10
11
11
11
12
13
14
16
18
19
19
17
15
14
14
14
14
14
14
14
14
14
14
14
14
14
14
14
14
14
14
14
14
14
14
14
14
15
15
16
16
16
17
17
17
17
17
18
19
20
21
22
22
24
25
22
20
19
17
15
13
14
14
14
14
14
14
14
14
14
14
15
15
15
17
17
18
18
19
19
19
19
19
19
20
20
20
20
19
18
18
19
18
17
19
20
21
21
22
22
20
16
17
16
16
16
16
16
16
16
16
16
16
16
18
19
20
20
20
21
21
22
23
23
24
23
22
22
23
23
22
22
20
21
21
22
22
23
23
23
23
23
24
24
25
22
18
15
14
13
12
12
13
13
13
13
13
13
13
13
13
13
13
13
13
14
14
14
14
14
14
14
14
14
14
14
14
14
14
13
13
13
13
12
13
13
13
14
14
15
11
9
9
10
12
13
14
14
14
15
15
15
15
15
15
15
15
15
15
15
15
15
15
15
15
15
15
15
15
16
16
16
16
16
16
16
16
16
16
16
16
17
17
17
17
14
12
10
8
7
7
7
7
7
7
7
7
7
7
7
7
7
7
7
7
7
7
7
7
7
7
7
7
7
7
7
7
7
7
7
6
5
4
4
4
4
4
5
6
7
7
7
8
9
9
9
9
9
9
9
9
9
9
9
9
9
9
9
9
9
9
9
9
9
9
9
9
9
9
9
9
9
9
9
9
9
9
9
9
9
9
9
9
9
9
8
7
6
6
6
6
6
6
6
6
6
6
6
6
6
6
6
6
6
6
6
6
6
6
6
6
6
6
6
6
6
6
6
5
4
3
2
1
0
0
0
0
0
1
2
2
4
3
4
5
