0.0
0.0
0.0
0.0
0.0
0.0
0.0
0.0
0.0
0.0
0.0
0.0
0.0
0.0
0.0
0.0
0.0
0.0
0.0
0.0
0.0
0.0
0.0
0.0
0.0
0.0
0.0
0.0
0.0
0.0
0.0
0.0
0.0
0.0
0.0
0.0
0.0
0.0
0.0
0.0
1.0
3.0
5.0
7.0
9.0
11.0
13.0
15.0
17.0
19.0
21.0
11.0
0.0
0.0
0.0
0.0
0.0
0.0
0.0
0.0
0.0
0.0
0.0
0.0
0.0
0.0
1.0
2.0
3.0
4.0
5.0
6.0
7.0
8.0
9.0
10.0
11.0
12.0
13.0
14.0
15.0
16.0
17.0
18.0
19.0
20.0
21.0
22.0
23.0
24.0
25.0
26.0
27.0
28.0
29.0
30.0
31.0
32.0
33.0
34.0
36.0
38.0
41.0
44.0
47.0
50.0
54.0
59.0
64.0
70.0
76.0
82.0
89.0
96.0
103.0
110.0
117.0
124.0
131.0
138.0
145.0
152.0
159.0
91.0
82.0
86.0
90.0
94.0
98.0
102.0
107.0
112.0
117.0
123.0
129.0
135.0
141.0
147.0
153.0
160.0
167.0
174.0
181.0
188.0
195.0
204.0
213.0
223.0
233.0
243.0
253.0
263.0
273.0
283.0
293.0
303.0
211.0
182.0
189.0
197.0
205.0
213.0
221.0
229.0
237.0
246.0
255.0
264.0
274.0
284.0
294.0
305.0
316.0
327.0
163.0
65.0
39.0
23.0
11.0
12.0
13.0
14.0
15.0
16.0
17.0
19.0
21.0
24.0
28.0
32.0
36.0
40.0
44.0
48.0
52.0
56.0
60.0
64.0
69.0
74.0
79.0
84.0
90.0
97.0
104.0
111.0
114.0
120.0
126.0
132.0
139.0
148.0
157.0
137.0
144.0
151.0
159.0
167.0
176.0
185.0
194.0
204.0
214.0
224.0
235.0
248.0
261.0
274.0
287.0
300.0
313.0
326.0
339.0
352.0
366.0
380.0
395.0
411.0
428.0
446.0
464.0
483.0
502.0
521.0
542.0
563.0
329.0
259.0
241.0
255.0
269.0
283.0
297.0
311.0
326.0
343.0
360.0
377.0
394.0
411.0
428.0
445.0
462.0
479.0
497.0
515.0
533.0
552.0
571.0
590.0
609.0
629.0
649.0
669.0
689.0
709.0
729.0
750.0
771.0
750.0
729.0
713.0
698.0
717.0
736.0
757.0
779.0
801.0
823.0
846.0
870.0
895.0
920.0
946.0
973.0
1000.0
1029.0
791.0
589.0
456.0
380.0
324.0
343.0
310.0
286.0
303.0
320.0
338.0
356.0
374.0
392.0
411.0
431.0
451.0
471.0
491.0
512.0
535.0
559.0
584.0
609.0
635.0
661.0
688.0
715.0
742.0
770.0
798.0
827.0
858.0
889.0
921.0
954.0
987.0
1020.0
1055.0
927.0
888.0
853.0
874.0
897.0
928.0
960.0
993.0
1026.0
1060.0
1094.0
1128.0
1163.0
1198.0
1233.0
1270.0
1307.0
1344.0
1381.0
1418.0
1456.0
1494.0
1532.0
1570.0
1608.0
1647.0
1686.0
1725.0
1764.0
1804.0
1844.0
1885.0
1927.0
1552.0
1238.0
973.0
787.0
665.0
652.0
670.0
690.0
710.0
730.0
750.0
770.0
790.0
810.0
830.0
851.0
872.0
893.0
916.0
939.0
962.0
986.0
1008.0
1031.0
1054.0
1077.0
1100.0
1124.0
1149.0
1174.0
1199.0
1226.0
1254.0
1098.0
963.0
852.0
781.0
717.0
740.0
764.0
788.0
814.0
843.0
872.0
901.0
930.0
961.0
994.0
1028.0
1062.0
1098.0
829.0
723.0
628.0
540.0
469.0
458.0
420.0
441.0
449.0
478.0
508.0
535.0
566.0
597.0
628.0
659.0
691.0
723.0
755.0
787.0
820.0
854.0
889.0
924.0
960.0
997.0
1035.0
1073.0
1111.0
1151.0
1187.0
1228.0
1272.0
1318.0
1366.0
1415.0
1466.0
1518.0
1572.0
1485.0
1451.0
1421.0
1429.0
1459.0
1499.0
1544.0
1591.0
1639.0
1687.0
1735.0
1783.0
1831.0
1880.0
1929.0
1979.0
2029.0
2080.0
2132.0
2185.0
2239.0
2293.0
2347.0
2402.0
2457.0
2512.0
2567.0
2622.0
2677.0
2733.0
2789.0
2846.0
2903.0
2550.0
2213.0
1892.0
1634.0
1410.0
1327.0
1255.0
1242.0
1181.0
1178.0
1210.0
1243.0
1276.0
1310.0
1345.0
1380.0
1415.0
1450.0
1485.0
1520.0
1555.0
1590.0
1625.0
1660.0
1695.0
1731.0
1767.0
1803.0
1840.0
1877.0
1917.0
1957.0
1999.0
1932.0
1866.0
1803.0
1741.0
1678.0
1721.0
1764.0
1808.0
1853.0
1900.0
1949.0
2000.0
2053.0
2107.0
2162.0
2218.0
2276.0
2336.0
2117.0
1948.0
1837.0
1731.0
1626.0
1588.0
1484.0
1389.0
1355.0
1406.0
1370.0
1339.0
1308.0
1357.0
1326.0
1304.0
1297.0
1320.0
1356.0
1404.0
1452.0
1501.0
1551.0
1602.0
1653.0
1704.0
1756.0
1808.0
1861.0
1914.0
1967.0
2026.0
2086.0
2149.0
2214.0
2279.0
2346.0
2415.0
2486.0
2378.0
2273.0
2188.0
2123.0
2101.0
2090.0
2133.0
2190.0
2249.0
2307.0
2364.0
2423.0
2482.0
2541.0
2601.0
2661.0
2721.0
2781.0
2841.0
2901.0
2961.0
3022.0
3083.0
3144.0
3205.0
3266.0
3327.0
3389.0
3452.0
3515.0
3578.0
3641.0
3704.0
3303.0
2922.0
2556.0
2214.0
1937.0
1830.0
1752.0
1735.0
1713.0
1648.0
1683.0
1718.0
1753.0
1788.0
1823.0
1858.0
1894.0
1930.0
1966.0
2002.0
2038.0
2068.0
2103.0
2138.0
2173.0
2208.0
2244.0
2280.0
2317.0
2357.0
2397.0
2439.0
2484.0
2315.0
2149.0
1985.0
1833.0
1685.0
1724.0
1770.0
1818.0
1866.0
1917.0
1969.0
2023.0
2077.0
2132.0
2188.0
2246.0
2307.0
2369.0
2150.0
1939.0
1737.0
1548.0
1368.0
1203.0
1157.0
1125.0
1105.0
1098.0
1157.0
1184.0
1214.0
1257.0
1302.0
1348.0
1408.0
1452.0
1497.0
1556.0
1616.0
1676.0
1736.0
1796.0
1856.0
1916.0
1977.0
2038.0
2101.0
2165.0
2230.0
2298.0
2368.0
2439.0
2512.0
2586.0
2661.0
2734.0
2809.0
2713.0
2640.0
2590.0
2547.0
2511.0
2519.0
2540.0
2517.0
2514.0
2519.0
2535.0
2583.0
2615.0
2659.0
2711.0
2768.0
2826.0
2887.0
2948.0
3010.0
3072.0
3134.0
3197.0
3261.0
3325.0
3390.0
3454.0
3521.0
3590.0
3661.0
3733.0
3805.0
3878.0
3678.0
3496.0
3406.0
3332.0
3277.0
3346.0
3417.0
3490.0
3563.0
3636.0
3709.0
3782.0
3855.0
3929.0
4004.0
4079.0
4154.0
4229.0
4193.0
4045.0
3899.0
3753.0
3610.0
3469.0
3440.0
3315.0
3289.0
3171.0
3141.0
3200.0
3260.0
3321.0
3384.0
3234.0
3086.0
2911.0
2762.0
2613.0
2572.0
2637.0
2599.0
2667.0
2737.0
2808.0
2882.0
2956.0
3031.0
3107.0
3183.0
3260.0
3327.0
3078.0
2926.0
2793.0
2678.0
2568.0
2471.0
2474.0
2455.0
2437.0
2421.0
2491.0
2477.0
2463.0
2449.0
2437.0
2431.0
2425.0
2422.0
2421.0
2420.0
2483.0
2546.0
2609.0
2672.0
2735.0
2798.0
2861.0
2924.0
2987.0
3051.0
3115.0
3181.0
3247.0
3315.0
3383.0
3455.0
3528.0
3601.0
3677.0
3552.0
3428.0
3305.0
3180.0
3055.0
2937.0
2911.0
2795.0
2776.0
2689.0
2643.0
2600.0
2570.0
2548.0
2588.0
2601.0
2627.0
2666.0
2723.0
2786.0
2851.0
2914.0
2977.0
3041.0
3106.0
3173.0
3240.0
3308.0
3378.0
3449.0
3521.0
3594.0
3667.0
3374.0
3082.0
2802.0
2538.0
2283.0
2161.0
2038.0
1917.0
1796.0
1853.0
1913.0
1971.0
2013.0
2058.0
2105.0
2154.0
2204.0
2270.0
2337.0
2404.0
2472.0
2541.0
2610.0
2679.0
2748.0
2817.0
2886.0
2955.0
3025.0
3095.0
3167.0
3239.0
3312.0
3170.0
3029.0
2889.0
2848.0
2813.0
2885.0
2958.0
3031.0
3104.0
3178.0
3254.0
3330.0
3406.0
3484.0
3563.0
3643.0
3724.0
3808.0
3642.0
3491.0
3340.0
3195.0
3205.0
3123.0
3042.0
3028.0
3014.0
2999.0
2984.0
2969.0
2953.0
3027.0
3010.0
2994.0
2979.0
3052.0
2884.0
2869.0
2854.0
2917.0
2980.0
3043.0
3107.0
3171.0
3237.0
3305.0
3374.0
3444.0
3515.0
3590.0
3667.0
3745.0
3824.0
3905.0
3987.0
4071.0
4156.0
4141.0
4127.0
4132.0
4137.0
4142.0
4147.0
4152.0
4240.0
4227.0
4216.0
4208.0
4093.0
3977.0
3860.0
3742.0
3716.0
3598.0
3543.0
3490.0
3537.0
3510.0
3482.0
3455.0
3429.0
3402.0
3376.0
3445.0
3470.0
3495.0
3525.0
3592.0
3660.0
3730.0
3340.0
3055.0
2796.0
2577.0
2400.0
2370.0
2260.0
2234.0
2124.0
2020.0
2077.0
2135.0
2194.0
2255.0
2318.0
2381.0
2446.0
2513.0
2579.0
2647.0
2717.0
2788.0
2860.0
2932.0
3005.0
3078.0
3153.0
3229.0
3289.0
3365.0
3442.0
3521.0
3602.0
3471.0
3339.0
3209.0
3081.0
2955.0
3033.0
3116.0
3203.0
3290.0
3378.0
3466.0
3554.0
3643.0
3733.0
3824.0
3915.0
4006.0
4099.0
4031.0
3965.0
3966.0
3967.0
3967.0
3967.0
3966.0
4055.0
4054.0
4052.0
4049.0
4046.0
4043.0
4038.0
4032.0
4114.0
4105.0
4096.0
4088.0
4080.0
4158.0
4236.0
4314.0
4392.0
4470.0
4548.0
4626.0
4704.0
4782.0
4860.0
4938.0
5017.0
5096.0
5176.0
5256.0
5338.0
5420.0
5502.0
5585.0
5481.0
5378.0
5274.0
5169.0
5156.0
5050.0
4945.0
4928.0
4822.0
4715.0
4610.0
4506.0
4490.0
4473.0
4376.0
4281.0
4188.0
4102.0
4093.0
4009.0
3999.0
4061.0
4123.0
4185.0
4247.0
4310.0
4373.0
4437.0
4501.0
4565.0
4631.0
4697.0
4764.0
4548.0
4341.0
4138.0
3936.0
3822.0
3788.0
3755.0
3724.0
3694.0
3758.0
3823.0
3889.0
3956.0
4024.0
4094.0
4165.0
4237.0
4311.0
4387.0
4463.0
4539.0
4617.0
4696.0
4776.0
4857.0
4938.0
5020.0
5102.0
5185.0
5269.0
5354.0
5439.0
5525.0
5396.0
5268.0
5140.0
5117.0
5093.0
5164.0
5244.0
5324.0
5405.0
5487.0
5570.0
5653.0
5736.0
5820.0
5906.0
5994.0
6080.0
6169.0
6091.0
6023.0
5958.0
5892.0
5887.0
5881.0
5738.0
5505.0
5273.0
5040.0
4807.0
4574.0
4341.0
4327.0
4314.0
4300.0
4370.0
4353.0
4337.0
4323.0
4391.0
4459.0
4527.0
4595.0
4663.0
4731.0
4799.0
4867.0
4935.0
5004.0
5074.0
5145.0
5217.0
5291.0
5366.0
5442.0
5519.0
5598.0
5678.0
5563.0
5449.0
5338.0
5230.0
5123.0
5016.0
4910.0
4803.0
4698.0
4682.0
4663.0
4565.0
4468.0
4377.0
4289.0
4201.0
4122.0
4122.0
4117.0
4178.0
4175.0
4236.0
4297.0
4359.0
4421.0
4484.0
4548.0
4612.0
4677.0
4742.0
4809.0
4877.0
4947.0
4836.0
4745.0
4664.0
4599.0
4542.0
4607.0
4675.0
4744.0
4814.0
4884.0
4955.0
5027.0
5099.0
5171.0
5239.0
5310.0
5382.0
5456.0
5530.0
5606.0
5683.0
5760.0
5837.0
5915.0
5993.0
6072.0
6151.0
6230.0
6310.0
6390.0
6470.0
6551.0
6632.0
6604.0
6576.0
6547.0
6518.0
6488.0
6460.0
6533.0
6606.0
6679.0
6753.0
6828.0
6904.0
6980.0
7059.0
7141.0
7223.0
7302.0
7384.0
7204.0
7032.0
6933.0
6837.0
6739.0
6814.0
6720.0
6630.0
6613.0
6598.0
6673.0
6656.0
6640.0
6623.0
6607.0
6590.0
6572.0
6553.0
6622.0
6602.0
6582.0
6650.0
6718.0
6786.0
6854.0
6922.0
6990.0
7058.0
7126.0
7195.0
7265.0
7336.0
7408.0
7481.0
7556.0
7631.0
7708.0
7785.0
7864.0
7740.0
7618.0
7500.0
7382.0
7266.0
7148.0
7030.0
7017.0
6985.0
6870.0
6756.0
6723.0
6615.0
6605.0
6512.0
6459.0
6409.0
6362.0
6314.0
6373.0
6382.0
6442.0
6504.0
6562.0
6620.0
6678.0
6739.0
6801.0
6864.0
6929.0
6995.0
7061.0
7128.0
7017.0
6914.0
6823.0
6740.0
6682.0
6745.0
6809.0
6873.0
6938.0
7004.0
7070.0
7136.0
7202.0
7269.0
7337.0
7406.0
7099.0
6534.0
5969.0
5404.0
4841.0
4277.0
4087.0
3523.0
2971.0
2420.0
2478.0
2537.0
2597.0
2660.0
2725.0
2791.0
2861.0
2823.0
2787.0
2756.0
2726.0
2695.0
2774.0
2854.0
2934.0
3016.0
3100.0
3185.0
3270.0
3355.0
3441.0
3527.0
3615.0
3704.0
3795.0
3678.0
3580.0
3487.0
3402.0
3317.0
3328.0
3247.0
3235.0
3223.0
3211.0
3198.0
3275.0
3261.0
3245.0
3230.0
3215.0
3289.0
3184.0
3256.0
3238.0
3220.0
3290.0
3360.0
3430.0
3500.0
3570.0
3640.0
3710.0
3780.0
3851.0
3923.0
3997.0
4072.0
4148.0
4225.0
4303.0
4384.0
4466.0
4549.0
4433.0
4318.0
4203.0
4090.0
3980.0
3870.0
3760.0
3650.0
3640.0
3617.0
3512.0
3410.0
3309.0
3297.0
3200.0
3105.0
3096.0
3012.0
2931.0
2855.0
2923.0
2993.0
3065.0
3138.0
3213.0
3290.0
3368.0
3446.0
3527.0
3608.0
3691.0
3776.0
3863.0
3497.0
3227.0
2954.0
2696.0
2446.0
2335.0
2316.0
2203.0
2078.0
2048.0
2112.0
2176.0
2240.0
2305.0
2371.0
2438.0
2505.0
2572.0
2640.0
2708.0
2777.0
2847.0
2917.0
2987.0
3057.0
3127.0
3197.0
3267.0
3338.0
3409.0
3482.0
3557.0
3634.0
3603.0
3572.0
3543.0
3515.0
3488.0
3567.0
3647.0
3729.0
3813.0
3897.0
3983.0
4071.0
4160.0
4250.0
4340.0
4431.0
4523.0
4615.0
4536.0
4458.0
4382.0
4307.0
4236.0
4229.0
4221.0
4305.0
4295.0
4286.0
4276.0
4265.0
4256.0
4248.0
4241.0
4235.0
4312.0
4304.0
4297.0
4290.0
4364.0
4438.0
4514.0
4590.0
4666.0
4742.0
4819.0
4896.0
4974.0
5053.0
5132.0
5211.0
5291.0
5371.0
5452.0
5533.0
5615.0
5698.0
5781.0
5647.0
5515.0
5384.0
5252.0
5120.0
4988.0
4956.0
4930.0
4795.0
4659.0
4524.0
4390.0
4255.0
4324.0
4187.0
4047.0
4020.0
3884.0
3857.0
3735.0
3706.0
3767.0
3828.0
3890.0
3952.0
4014.0
4076.0
4138.0
4200.0
4262.0
4325.0
4391.0
4457.0
4065.0
3696.0
3411.0
3166.0
2932.0
2803.0
2676.0
2549.0
2511.0
2473.0
2522.0
2573.0
2624.0
2676.0
2731.0
2788.0
2845.0
2904.0
2965.0
3029.0
3096.0
3165.0
3235.0
3306.0
3380.0
3455.0
3531.0
3609.0
3689.0
3771.0
3855.0
3941.0
4029.0
4006.0
3983.0
3960.0
3937.0
3916.0
3999.0
4084.0
4169.0
4254.0
4333.0
4417.0
4503.0
4589.0
4676.0
4684.0
4693.0
4703.0
4714.0
4607.0
4459.0
4333.0
4222.0
4177.0
4103.0
4034.0
4080.0
4069.0
4039.0
4027.0
4106.0
4095.0
4085.0
4077.0
4067.0
4056.0
4045.0
4033.0
4021.0
4096.0
4171.0
4246.0
4321.0
4396.0
4471.0
4303.0
4135.0
3969.0
3804.0
3639.0
3476.0
3315.0
3391.0
3469.0
3549.0
3629.0
3712.0
3796.0
3693.0
3587.0
3483.0
3379.0
3275.0
3170.0
3107.0
3134.0
3111.0
3087.0
3111.0
3088.0
3063.0
3084.0
3057.0
3031.0
3048.0
3019.0
3035.0
3002.0
3016.0
3075.0
3134.0
3193.0
3252.0
3311.0
3370.0
3429.0
3488.0
3548.0
3609.0
3671.0
3735.0
3405.0
3079.0
2779.0
2489.0
2230.0
2072.0
2013.0
1962.0
1804.0
1647.0
1697.0
1748.0
1802.0
1859.0
1917.0
1976.0
2038.0
2102.0
2167.0
2235.0
2302.0
2374.0
2447.0
2522.0
2598.0
2675.0
2753.0
2832.0
2912.0
2992.0
3074.0
3157.0
3242.0
3218.0
3195.0
3173.0
3150.0
3127.0
3210.0
3294.0
3378.0
3462.0
3547.0
3632.0
3717.0
3803.0
3890.0
3977.0
4065.0
4154.0
4244.0
4168.0
4129.0
4094.0
4087.0
4080.0
3971.0
3860.0
3748.0
3729.0
3617.0
3503.0
3387.0
3370.0
3353.0
3337.0
3409.0
3391.0
3371.0
3352.0
3295.0
3362.0
3429.0
3496.0
3564.0
3633.0
3700.0
3769.0
3836.0
3905.0
3974.0
4044.0
4115.0
4187.0
4260.0
4333.0
4408.0
4485.0
4563.0
4643.0
4535.0
4426.0
4319.0
4211.0
4104.0
3980.0
3872.0
3854.0
3834.0
3726.0
3618.0
3509.0
3402.0
3303.0
3211.0
3200.0
3108.0
3098.0
3159.0
3107.0
3153.0
3212.0
3273.0
3337.0
3397.0
3461.0
3526.0
3593.0
3661.0
3731.0
3803.0
3875.0
3949.0
3749.0
3653.0
3573.0
3495.0
3430.0
3499.0
3569.0
3640.0
3711.0
3783.0
3856.0
3930.0
4004.0
4078.0
4153.0
4228.0
4303.0
4379.0
4456.0
4534.0
4614.0
4695.0
4776.0
4858.0
4940.0
5023.0
5106.0
5189.0
5273.0
5357.0
5438.0
5521.0
5606.0
5582.0
5557.0
5532.0
5509.0
5486.0
5569.0
5652.0
5735.0
5819.0
5903.0
5987.0
6071.0
6156.0
6242.0
6328.0
6415.0
6504.0
6593.0
6434.0
6305.0
6176.0
6079.0
5982.0
5893.0
5895.0
5884.0
5872.0
5858.0
5844.0
5920.0
5904.0
5887.0
5871.0
5854.0
5836.0
5818.0
5799.0
5868.0
5848.0
5916.0
5984.0
6052.0
6120.0
6188.0
6256.0
6324.0
6393.0
6463.0
6533.0
6605.0
6677.0
6751.0
6826.0
6903.0
6981.0
7060.0
7139.0
7009.0
6880.0
6757.0
6633.0
6508.0
6382.0
6355.0
6229.0
6105.0
5981.0
5952.0
5827.0
5708.0
5591.0
5568.0
5545.0
5440.0
5340.0
5242.0
5302.0
5286.0
5345.0
5404.0
5463.0
5522.0
5581.0
5640.0
5699.0
5758.0
5819.0
5880.0
5943.0
6006.0
5894.0
5793.0
5701.0
5610.0
5526.0
5589.0
5653.0
5718.0
5786.0
5852.0
5921.0
5990.0
6059.0
6129.0
5701.0
5274.0
4846.0
4418.0
3989.0
3560.0
3378.0
3192.0
2760.0
2332.0
2392.0
2454.0
2516.0
2581.0
2646.0
2713.0
2781.0
2849.0
2918.0
2881.0
2846.0
2812.0
2781.0
2747.0
2820.0
2894.0
2970.0
3048.0
3128.0
3201.0
3282.0
3365.0
3448.0
3531.0
3616.0
3702.0
3788.0
3605.0
3428.0
3326.0
3228.0
3137.0
3047.0
3053.0
3039.0
3024.0
3008.0
2992.0
2976.0
2959.0
2943.0
3013.0
2995.0
2977.0
3045.0
3025.0
3005.0
3004.0
3070.0
3136.0
3202.0
3269.0
3336.0
3403.0
3470.0
3537.0
3604.0
3674.0
3744.0
3816.0
3890.0
3965.0
4042.0
4121.0
4200.0
4279.0
4163.0
4047.0
3939.0
3830.0
3813.0
3702.0
3592.0
3575.0
3466.0
3358.0
3252.0
3150.0
3049.0
2953.0
2876.0
2883.0
2873.0
2801.0
2813.0
2802.0
2811.0
2885.0
2960.0
3036.0
3113.0
3164.0
3217.0
3270.0
3324.0
3378.0
3435.0
3503.0
3557.0
3172.0
2799.0
2531.0
2289.0
2073.0
1927.0
1883.0
1734.0
1587.0
1529.0
1578.0
1620.0
1665.0
1714.0
1766.0
1820.0
1876.0
1934.0
1994.0
2055.0
2118.0
2183.0
2249.0
2319.0
2392.0
2457.0
2523.0
2589.0
2657.0
2727.0
2798.0
2874.0
2946.0
2910.0
2877.0
2848.0
2820.0
2792.0
2870.0
2949.0
3029.0
3110.0
3192.0
3275.0
3358.0
3443.0
3528.0
3614.0
3700.0
3786.0
3873.0
3707.0
3607.0
3509.0
3412.0
3314.0
3220.0
3215.0
3202.0
3187.0
3173.0
3158.0
3142.0
3216.0
3199.0
3183.0
3167.0
3239.0
3221.0
3202.0
3182.0
3162.0
3230.0
3298.0
3366.0
3434.0
3502.0
3570.0
3638.0
3706.0
3776.0
3846.0
3917.0
3989.0
4064.0
4137.0
4213.0
4290.0
4369.0
4449.0
4337.0
4225.0
4118.0
4012.0
3905.0
3800.0
3696.0
3679.0
3571.0
3462.0
3442.0
3334.0
3312.0
3201.0
3177.0
3064.0
2952.0
2840.0
2812.0
2783.0
2667.0
2723.0
2780.0
2837.0
2895.0
2954.0
3014.0
3074.0
3135.0
3197.0
3259.0
3323.0
3389.0
3083.0
2781.0
2501.0
2236.0
1976.0
1942.0
1808.0
1673.0
1539.0
1491.0
1541.0
1592.0
1644.0
1698.0
1752.0
1808.0
1866.0
1925.0
1985.0
2046.0
2108.0
2172.0
2238.0
2306.0
2376.0
2447.0
2521.0
2596.0
2672.0
2749.0
2826.0
2904.0
2983.0
2953.0
2925.0
2897.0
2869.0
2892.0
2971.0
3051.0
3132.0
3213.0
3294.0
3375.0
3458.0
3541.0
3624.0
3707.0
3790.0
3873.0
3957.0
3873.0
3810.0
3801.0
3792.0
3782.0
3863.0
3852.0
3840.0
3827.0
3814.0
3802.0
3789.0
3775.0
3801.0
3875.0
3908.0
3981.0
4054.0
4127.0
4200.0
4273.0
4346.0
4419.0
4374.0
4333.0
4292.0
4255.0
4219.0
4184.0
4151.0
4220.0
4290.0
4360.0
4432.0
4505.0
4579.0
4655.0
4731.0
4808.0
4686.0
4564.0
4442.0
4318.0
4194.0
4069.0
3942.0
3903.0
3876.0
3744.0
3613.0
3481.0
3436.0
3305.0
3275.0
3143.0
3007.0
2874.0
2741.0
2786.0
2747.0
2791.0
2835.0
2879.0
2924.0
2969.0
3014.0
3060.0
3106.0
3152.0
3199.0
3248.0
3298.0
3064.0
2838.0
2618.0
2408.0
2209.0
2154.0
2101.0
2145.0
2093.0
2043.0
2088.0
2136.0
2185.0
2237.0
2290.0
2346.0
2403.0
2462.0
2522.0
2583.0
2645.0
2710.0
2775.0
2841.0
2908.0
2970.0
3036.0
3103.0
3173.0
3243.0
3314.0
3385.0
3457.0
3416.0
3376.0
3341.0
3402.0
3462.0
3533.0
3605.0
3677.0
3749.0
3821.0
3893.0
3965.0
4037.0
4110.0
4183.0
4258.0
4333.0
4408.0
4330.0
4311.0
4197.0
4083.0
3970.0
3947.0
3845.0
3822.0
3798.0
3866.0
3934.0
4002.0
4070.0
4138.0
4206.0
4274.0
4342.0
4410.0
4478.0
4546.0
4614.0
4682.0
4750.0
4818.0
4886.0
4954.0
5022.0
5090.0
5158.0
5226.0
5294.0
5363.0
5432.0
5502.0
5573.0
5644.0
5716.0
5788.0
5861.0
5737.0
5617.0
5499.0
5379.0
5257.0
5135.0
5013.0
4889.0
4853.0
4820.0
4693.0
4565.0
4528.0
4486.0
4355.0
4229.0
4112.0
3998.0
3953.0
3849.0
3890.0
3932.0
3975.0
4020.0
4065.0
4111.0
4159.0
4208.0
4258.0
4310.0
4365.0
4421.0
4478.0
4349.0
4225.0
4113.0
4013.0
3918.0
3972.0
4026.0
4081.0
4137.0
4193.0
4251.0
4310.0
4370.0
4431.0
4492.0
4554.0
4616.0
4678.0
4741.0
4804.0
4868.0
4932.0
4996.0
5060.0
5124.0
5188.0
5252.0
5317.0
5382.0
5447.0
5512.0
5578.0
5644.0
5601.0
5559.0
5517.0
5458.0
5416.0
5478.0
5540.0
5602.0
5666.0
5731.0
5796.0
5861.0
5926.0
5992.0
6058.0
6126.0
6194.0
6263.0
6216.0
6195.0
6177.0
6246.0
6228.0
6213.0
6204.0
6197.0
6264.0
6331.0
6398.0
6465.0
6532.0
6599.0
6666.0
6733.0
6800.0
6867.0
6934.0
7001.0
7068.0
7135.0
7202.0
7269.0
7336.0
7403.0
7470.0
7537.0
7604.0
7671.0
7738.0
7806.0
7875.0
7944.0
8014.0
8084.0
8155.0
8226.0
8298.0
8163.0
8029.0
7894.0
7759.0
7623.0
7586.0
7447.0
7305.0
7162.0
7119.0
6976.0
6832.0
6785.0
6643.0
6594.0
6450.0
6308.0
6265.0
6148.0
6100.0
6078.0
6126.0
6175.0
6225.0
6276.0
6329.0
6386.0
6439.0
6496.0
6553.0
6613.0
6674.0
6737.0
6622.0
6514.0
6417.0
6328.0
6243.0
6301.0
6360.0
6420.0
6480.0
6174.0
5621.0
5067.0
4512.0
3956.0
3400.0
2842.0
2889.0
2328.0
1766.0
1567.0
1609.0
1651.0
1693.0
1735.0
1777.0
1819.0
1861.0
1903.0
1946.0
1989.0
2035.0
2081.0
2129.0
2069.0
2010.0
1952.0
1893.0
1942.0
1993.0
2047.0
2102.0
2158.0
2215.0
2276.0
2338.0
2400.0
2463.0
2526.0
2591.0
2658.0
2726.0
2655.0
2628.0
2601.0
2574.0
2547.0
2521.0
2502.0
2564.0
2626.0
2689.0
2752.0
2815.0
2879.0
2943.0
3007.0
3071.0
3116.0
3179.0
3242.0
3305.0
3368.0
3431.0
3495.0
3559.0
3623.0
3687.0
3751.0
3815.0
3879.0
3943.0
4008.0
4073.0
4139.0
4205.0
4272.0
4339.0
4407.0
4475.0
4543.0
4394.0
4244.0
4093.0
3941.0
3788.0
3636.0
3589.0
3435.0
3281.0
3229.0
3073.0
3020.0
2861.0
2805.0
2646.0
2488.0
2329.0
2269.0
2311.0
2354.0
2398.0
2442.0
2479.0
2517.0
2556.0
2594.0
2633.0
2672.0
2711.0
2751.0
2790.0
2831.0
2873.0
2456.0
2061.0
1671.0
1299.0
1016.0
865.0
804.0
621.0
474.0
410.0
435.0
459.0
485.0
513.0
542.0
572.0
603.0
634.0
666.0
699.0
732.0
765.0
781.0
797.0
814.0
830.0
846.0
863.0
879.0
897.0
917.0
952.0
987.0
1013.0
1047.0
1082.0
1120.0
1161.0
1203.0
1247.0
1292.0
1339.0
1387.0
1435.0
1483.0
1532.0
1582.0
1633.0
1685.0
1737.0
1790.0
1749.0
1708.0
1667.0
1626.0
1591.0
1555.0
1523.0
1569.0
1615.0
1661.0
1707.0
1753.0
1799.0
1845.0
1891.0
1937.0
1983.0
2030.0
2077.0
2124.0
2172.0
2221.0
2270.0
2319.0
2369.0
2419.0
2469.0
2520.0
2571.0
2622.0
2673.0
2724.0
2776.0
2828.0
2882.0
2936.0
2991.0
3047.0
3103.0
3151.0
3200.0
3158.0
3119.0
3080.0
3040.0
3000.0
2958.0
3006.0
2964.0
2924.0
2970.0
3016.0
3063.0
3110.0
3157.0
3204.0
3251.0
3298.0
3345.0
3392.0
3439.0
3486.0
3533.0
3371.0
2966.0
2770.0
2809.0
2848.0
2887.0
2927.0
2968.0
3011.0
2588.0
2259.0
1939.0
1623.0
1308.0
1179.0
1111.0
948.0
787.0
625.0
637.0
651.0
668.0
633.0
650.0
667.0
684.0
701.0
713.0
729.0
747.0
766.0
786.0
807.0
830.0
854.0
880.0
907.0
935.0
963.0
993.0
1025.0
1058.0
1089.0
1123.0
1158.0
1193.0
1229.0
1266.0
1304.0
1342.0
1381.0
1421.0
1462.0
1504.0
1546.0
1589.0
1632.0
1675.0
1718.0
1761.0
1805.0
1849.0
1894.0
1939.0
1984.0
2029.0
2074.0
2119.0
2164.0
2209.0
2254.0
2299.0
2344.0
2389.0
2434.0
2479.0
2524.0
2569.0
2614.0
2536.0
2457.0
2379.0
2302.0
2232.0
2164.0
2106.0
2144.0
2182.0
2221.0
2261.0
2302.0
2343.0
2384.0
2426.0
2468.0
2511.0
2555.0
2599.0
2643.0
2376.0
2231.0
2087.0
1943.0
1888.0
1924.0
1960.0
1996.0
2032.0
2068.0
2104.0
2140.0
2176.0
2212.0
2248.0
2284.0
2320.0
2356.0
2392.0
2428.0
2464.0
2500.0
2536.0
2572.0
2608.0
2644.0
2680.0
2716.0
2752.0
2788.0
2824.0
2860.0
2896.0
2453.0
2108.0
1762.0
1415.0
1078.0
890.0
704.0
715.0
529.0
344.0
351.0
358.0
366.0
374.0
383.0
393.0
404.0
415.0
429.0
444.0
460.0
478.0
496.0
515.0
536.0
558.0
580.0
603.0
627.0
652.0
677.0
702.0
727.0
752.0
778.0
804.0
830.0
857.0
884.0
911.0
939.0
968.0
997.0
1026.0
1056.0
1086.0
1116.0
1147.0
1178.0
1209.0
1240.0
1272.0
1304.0
1336.0
1368.0
1401.0
1435.0
1469.0
1503.0
1537.0
1572.0
1607.0
1642.0
1677.0
1713.0
1749.0
1675.0
1600.0
1525.0
1451.0
1377.0
1302.0
1228.0
1259.0
1290.0
1321.0
1353.0
1385.0
1417.0
1450.0
1483.0
1516.0
1550.0
1584.0
1619.0
1655.0
1691.0
1728.0
1766.0
1804.0
1842.0
1880.0
1919.0
1959.0
1999.0
2039.0
2079.0
2119.0
2159.0
2199.0
2239.0
2279.0
2319.0
2359.0
2399.0
2439.0
2479.0
2519.0
2559.0
2599.0
2639.0
2679.0
2719.0
2759.0
2799.0
2839.0
2879.0
2919.0
2959.0
2999.0
3039.0
3079.0
3119.0
2762.0
2411.0
2064.0
1728.0
1396.0
1204.0
1011.0
920.0
778.0
579.0
591.0
542.0
551.0
561.0
572.0
583.0
591.0
601.0
611.0
621.0
631.0
641.0
651.0
661.0
671.0
681.0
691.0
702.0
717.0
734.0
751.0
771.0
793.0
718.0
644.0
575.0
588.0
601.0
626.0
652.0
679.0
706.0
736.0
766.0
797.0
829.0
858.0
889.0
921.0
953.0
986.0
928.0
871.0
814.0
757.0
699.0
643.0
675.0
618.0
649.0
681.0
713.0
746.0
779.0
812.0
845.0
878.0
911.0
944.0
977.0
1010.0
1043.0
1076.0
1109.0
1142.0
1175.0
1208.0
1241.0
1274.0
1307.0
1341.0
1375.0
1410.0
1446.0
1482.0
1519.0
1556.0
1594.0
1632.0
1671.0
1670.0
1702.0
1738.0
1775.0
1812.0
1849.0
1886.0
1924.0
1962.0
2000.0
2038.0
2076.0
2114.0
2153.0
2192.0
2231.0
2270.0
2309.0
2348.0
2387.0
2426.0
2465.0
2504.0
2543.0
2582.0
2621.0
2660.0
2699.0
2738.0
2777.0
2816.0
2855.0
2894.0
2465.0
2131.0
1816.0
1510.0
1205.0
1132.0
963.0
885.0
717.0
550.0
560.0
570.0
580.0
590.0
600.0
610.0
621.0
632.0
643.0
654.0
665.0
676.0
687.0
698.0
709.0
720.0
731.0
743.0
755.0
767.0
781.0
796.0
814.0
721.0
632.0
543.0
562.0
581.0
602.0
624.0
647.0
670.0
694.0
718.0
744.0
772.0
801.0
831.0
863.0
896.0
929.0
868.0
811.0
754.0
701.0
651.0
686.0
637.0
592.0
625.0
659.0
693.0
727.0
761.0
795.0
829.0
863.0
897.0
931.0
966.0
1001.0
1036.0
1071.0
1106.0
1141.0
1176.0
1211.0
1246.0
1281.0
1316.0
1351.0
1386.0
1422.0
1458.0
1495.0
1532.0
1570.0
1609.0
1648.0
1688.0
1645.0
1681.0
1720.0
1759.0
1798.0
1837.0
1876.0
1915.0
1954.0
1994.0
2035.0
2076.0
2117.0
2158.0
2199.0
2240.0
2281.0
2322.0
2363.0
2404.0
2445.0
2486.0
2527.0
2569.0
2611.0
2653.0
2695.0
2737.0
2779.0
2821.0
2863.0
2905.0
2947.0
2530.0
2135.0
1747.0
1359.0
977.0
823.0
672.0
521.0
368.0
377.0
386.0
395.0
404.0
413.0
422.0
431.0
440.0
449.0
458.0
467.0
476.0
485.0
494.0
503.0
512.0
521.0
530.0
539.0
548.0
557.0
568.0
581.0
595.0
524.0
495.0
512.0
530.0
551.0
572.0
595.0
620.0
646.0
673.0
701.0
730.0
759.0
790.0
821.0
854.0
889.0
925.0
870.0
816.0
761.0
708.0
657.0
611.0
565.0
599.0
633.0
668.0
704.0
740.0
777.0
814.0
852.0
891.0
930.0
970.0
1010.0
1050.0
1090.0
1130.0
1170.0
1210.0
1250.0
1290.0
1330.0
1370.0
1410.0
1450.0
1490.0
1530.0
1570.0
1610.0
1650.0
1690.0
1730.0
1770.0
1810.0
1850.0
1890.0
1930.0
1970.0
2010.0
2050.0
2090.0
2130.0
2170.0
2210.0
2250.0
2290.0
2330.0
2370.0
2410.0
2450.0
2490.0
2530.0
2570.0
2610.0
2650.0
2690.0
2730.0
2770.0
2810.0
2850.0
2890.0
2930.0
2970.0
3010.0
3050.0
3090.0
3130.0
2713.0
2306.0
1909.0
1584.0
1265.0
1104.0
945.0
881.0
809.0
658.0
667.0
676.0
685.0
694.0
703.0
712.0
721.0
730.0
739.0
748.0
757.0
766.0
775.0
784.0
793.0
802.0
812.0
822.0
833.0
844.0
855.0
868.0
883.0
790.0
698.0
704.0
712.0
723.0
740.0
761.0
782.0
805.0
829.0
854.0
880.0
908.0
938.0
970.0
1003.0
1037.0
1072.0
989.0
907.0
824.0
741.0
659.0
576.0
493.0
523.0
556.0
590.0
625.0
661.0
698.0
736.0
775.0
814.0
853.0
881.0
908.0
934.0
960.0
985.0
1009.0
1043.0
1066.0
1099.0
1132.0
1165.0
1198.0
1231.0
1265.0
1299.0
1334.0
1370.0
1406.0
1443.0
1481.0
1519.0
1558.0
1598.0
1638.0
1678.0
1718.0
1758.0
1798.0
1838.0
1878.0
1918.0
1958.0
1998.0
2038.0
2078.0
2118.0
2158.0
2198.0
2238.0
2278.0
2318.0
2358.0
2398.0
2438.0
2478.0
2518.0
2558.0
2598.0
2638.0
2678.0
2718.0
2758.0
2798.0
2838.0
2878.0
2465.0
2144.0
1837.0
1534.0
1245.0
1090.0
934.0
777.0
620.0
631.0
642.0
653.0
664.0
675.0
686.0
697.0
708.0
719.0
730.0
741.0
752.0
763.0
774.0
785.0
796.0
807.0
818.0
829.0
840.0
851.0
863.0
876.0
891.0
702.0
526.0
541.0
559.0
578.0
598.0
619.0
641.0
663.0
688.0
714.0
742.0
771.0
801.0
833.0
865.0
897.0
923.0
861.0
800.0
738.0
678.0
617.0
648.0
587.0
527.0
558.0
589.0
620.0
651.0
683.0
715.0
747.0
779.0
811.0
843.0
875.0
907.0
939.0
971.0
1003.0
1035.0
1067.0
1099.0
1131.0
1163.0
1195.0
1227.0
1259.0
1292.0
1325.0
1359.0
1393.0
1427.0
1463.0
1499.0
1535.0
1562.0
1597.0
1632.0
1667.0
1702.0
1738.0
1774.0
1810.0
1847.0
1884.0
1921.0
1958.0
1995.0
2032.0
2070.0
2108.0
2146.0
2184.0
2222.0
2260.0
2299.0
2338.0
2377.0
2416.0
2455.0
2494.0
2533.0
2572.0
2611.0
2650.0
2689.0
2729.0
2769.0
2359.0
1955.0
1555.0
1160.0
843.0
691.0
629.0
553.0
413.0
278.0
287.0
294.0
302.0
311.0
320.0
330.0
340.0
350.0
360.0
370.0
380.0
390.0
401.0
412.0
424.0
437.0
450.0
463.0
478.0
494.0
511.0
528.0
548.0
539.0
531.0
548.0
566.0
585.0
606.0
627.0
649.0
672.0
697.0
723.0
749.0
776.0
804.0
832.0
860.0
889.0
918.0
803.0
743.0
681.0
627.0
574.0
525.0
482.0
509.0
536.0
564.0
593.0
622.0
653.0
684.0
717.0
751.0
785.0
820.0
856.0
892.0
928.0
964.0
1000.0
1036.0
1072.0
1108.0
1144.0
1181.0
1218.0
1256.0
1295.0
1335.0
1375.0
1416.0
1458.0
1500.0
1542.0
1584.0
1627.0
1664.0
1704.0
1743.0
1784.0
1825.0
1866.0
1907.0
1949.0
1991.0
2034.0
2077.0
2120.0
2163.0
2206.0
2249.0
2292.0
2335.0
2378.0
2421.0
2464.0
2507.0
2550.0
2593.0
2636.0
2680.0
2724.0
2768.0
2814.0
2860.0
2906.0
2952.0
2998.0
3044.0
2620.0
2220.0
1823.0
1449.0
1167.0
1052.0
843.0
644.0
524.0
421.0
433.0
445.0
457.0
469.0
481.0
493.0
505.0
518.0
531.0
545.0
559.0
573.0
588.0
604.0
620.0
630.0
645.0
660.0
673.0
687.0
701.0
719.0
739.0
620.0
542.0
558.0
576.0
595.0
613.0
633.0
655.0
678.0
702.0
728.0
755.0
785.0
816.0
848.0
880.0
914.0
949.0
841.0
735.0
675.0
625.0
576.0
540.0
506.0
536.0
567.0
599.0
631.0
663.0
695.0
727.0
759.0
791.0
823.0
855.0
887.0
919.0
951.0
983.0
1015.0
1047.0
1079.0
1111.0
1145.0
1179.0
1213.0
1248.0
1283.0
1320.0
1359.0
1397.0
1436.0
1476.0
1516.0
1557.0
1598.0
1632.0
1673.0
1714.0
1756.0
1799.0
1843.0
1887.0
1929.0
1973.0
2018.0
2063.0
2108.0
2154.0
2201.0
2249.0
2298.0
2347.0
2396.0
2445.0
2494.0
2543.0
2592.0
2641.0
2690.0
2739.0
2788.0
2837.0
2886.0
2935.0
2984.0
3033.0
3082.0
3131.0
2709.0
2303.0
1916.0
1546.0
1220.0
1025.0
850.0
721.0
659.0
644.0
657.0
671.0
683.0
696.0
709.0
722.0
735.0
748.0
761.0
774.0
787.0
800.0
813.0
826.0
839.0
852.0
865.0
878.0
891.0
904.0
919.0
935.0
952.0
803.0
664.0
549.0
557.0
571.0
586.0
602.0
619.0
637.0
655.0
674.0
694.0
714.0
735.0
756.0
777.0
798.0
820.0
744.0
670.0
596.0
523.0
450.0
377.0
307.0
326.0
343.0
363.0
383.0
404.0
425.0
446.0
468.0
491.0
514.0
538.0
563.0
588.0
613.0
632.0
652.0
671.0
692.0
714.0
741.0
764.0
786.0
812.0
838.0
865.0
892.0
921.0
951.0
981.0
1013.0
1046.0
1080.0
1114.0
1148.0
1182.0
1217.0
1252.0
1287.0
1322.0
1357.0
1392.0
1427.0
1462.0
1497.0
1532.0
1567.0
1602.0
1637.0
1672.0
1707.0
1742.0
1777.0
1812.0
1847.0
1882.0
1917.0
1952.0
1987.0
2022.0
2057.0
2092.0
2127.0
2162.0
2197.0
2232.0
1893.0
1568.0
1326.0
1090.0
873.0
735.0
606.0
493.0
388.0
396.0
404.0
412.0
420.0
428.0
436.0
444.0
452.0
460.0
468.0
476.0
484.0
492.0
500.0
508.0
516.0
524.0
532.0
540.0
548.0
556.0
564.0
573.0
583.0
496.0
506.0
516.0
527.0
538.0
550.0
562.0
575.0
588.0
601.0
614.0
628.0
643.0
660.0
677.0
694.0
711.0
728.0
653.0
579.0
504.0
429.0
354.0
278.0
294.0
221.0
236.0
251.0
267.0
283.0
299.0
317.0
335.0
354.0
374.0
394.0
414.0
434.0
454.0
474.0
494.0
514.0
534.0
554.0
574.0
594.0
600.0
619.0
639.0
659.0
680.0
701.0
724.0
747.0
770.0
793.0
816.0
831.0
853.0
875.0
897.0
919.0
941.0
963.0
985.0
1007.0
1029.0
1051.0
1074.0
1097.0
1120.0
1143.0
1166.0
1189.0
1212.0
1235.0
1258.0
1281.0
1304.0
1327.0
1350.0
1373.0
1396.0
1419.0
1442.0
1465.0
1488.0
1511.0
1534.0
1557.0
1328.0
1102.0
887.0
677.0
488.0
468.0
340.0
260.0
196.0
133.0
135.0
137.0
139.0
141.0
143.0
145.0
147.0
149.0
151.0
153.0
155.0
157.0
159.0
161.0
163.0
165.0
167.0
169.0
171.0
173.0
175.0
177.0
179.0
76.0
77.0
78.0
79.0
80.0
81.0
82.0
83.0
84.0
85.0
86.0
87.0
88.0
89.0
90.0
91.0
92.0
93.0
0.0
0.0
0.0
0.0
0.0
0.0
0.0
0.0
0.0
0.0
0.0
0.0
0.0
0.0
0.0
0.0
0.0
0.0
0.0
0.0
0.0
0.0
0.0
0.0
0.0
0.0
0.0
0.0
0.0
0.0
0.0
0.0
0.0
0.0
0.0
0.0
0.0
0.0
0.0
0.0
0.0
0.0
0.0
0.0
0.0
0.0
0.0
0.0
0.0
0.0
0.0
0.0
0.0
0.0
0.0
0.0
0.0
0.0
0.0
0.0
0.0
0.0
0.0
0.0
0.0
0.0
0.0
0.0
0.0
0.0
0.0
0.0
0.0
0.0
0.0
0.0
0.0
0.0
0.0
0.0
0.0
0.0
0.0
0.0
0.0
0.0
0.0
0.0
0.0
0.0
0.0
0.0
0.0
0.0
0.0
0.0
0.0
0.0
0.0
0.0
0.0
0.0
0.0
0.0
0.0
0.0
0.0
0.0
0.0
0.0
0.0
0.0
0.0
0.0
0.0
0.0
0.0
0.0
0.0
0.0
0.0
0.0
0.0
0.0
0.0
0.0
0.0
0.0
0.0
0.0
0.0
0.0
0.0
0.0
0.0
0.0
0.0
0.0
0.0
0.0
0.0
0.0
0.0
0.0
0.0
0.0
0.0
0.0
0.0
0.0
0.0
0.0
0.0
0.0
0.0
0.0
0.0
0.0
0.0
0.0
0.0
0.0
0.0
0.0
0.0
0.0
0.0
0.0
0.0
0.0
0.0
0.0
0.0
0.0
0.0
0.0
0.0
0.0
0.0
0.0
0.0
0.0
0.0
0.0
0.0
0.0
0.0
0.0
0.0
0.0
0.0
0.0
0.0
0.0
0.0
0.0
0.0
0.0
0.0
0.0
0.0
0.0
0.0
0.0
0.0
0.0
0.0
0.0
0.0
0.0
0.0
0.0
0.0
0.0
0.0
0.0
0.0
0.0
0.0
0.0
0.0
0.0
0.0
0.0
0.0
0.0
0.0
0.0
0.0
0.0
0.0
0.0
0.0
0.0
0.0
0.0
0.0
0.0
0.0
0.0
0.0
0.0
0.0
0.0
0.0
0.0
0.0
0.0
0.0
0.0
0.0
0.0
0.0
0.0
0.0
0.0
0.0
0.0
0.0
0.0
0.0
0.0
0.0
0.0
0.0
0.0
0.0
0.0
0.0
0.0
0.0
0.0
0.0
0.0
0.0
0.0
0.0
0.0
0.0
0.0
0.0
0.0
0.0
0.0
0.0
0.0
0.0
0.0
0.0
0.0
0.0
0.0
0.0
0.0
0.0
0.0
0.0
0.0
0.0
0.0
0.0
0.0
0.0
0.0
0.0
0.0
0.0
0.0
0.0
0.0
0.0
0.0
0.0
0.0
0.0
0.0
0.0
0.0
