26.5938
27.2578
19.7776
24.07
28.2948
27.2854
40.3258
24.0136
22.0766
31.0264
24.278
23.2422
26.7318
30.929
20.9364
24.6136
29.3076
33.0784
24.9756
20.9102
32.7926
23.0022
39.5966
32.1974
34.4956
25.916
22.28
18.5432
27.7598
14.3368
22.7188
30.9252
29.4716
37.2574
34.6676
48.5662
32.5584
34.8008
19.0104
29.0216
23.1142
21.7944
31.1774
21.564
22.1472
21.3674
35.3902
21.0618
25.09
21.787
12.7378
16.5228
27.6978
31.8074
31.159
22.5024
32.0142
22.1066
25.5942
27.0726
37.7592
22.0056
18.0544
15.848
24.0824
20.4596
21.8004
21.4666
17.0452
20.4594
28.0916
29.3604
21.0152
19.9738
21.7188
31.116
23.985
18.2064
17.5106
28.8152
36.157
27.0458
18.9534
35.8522
17.3072
27.1126
29.9002
26.1202
33.2286
25.6678
20.3788
19.9802
12.1612
40.902
25.891
18.7866
21.11
22.5704
31.6366
25.0458
23.6342
25.8302
14.7114
24.8602
20.2818
21.6254
20.177
25.631
14.638
36.1378
19.4246
20.5496
23.6834
19.605
29.5598
22.07
27.6846
32.924
18.1392
19.1874
13.7458
16.3102
22.8932
27.0304
21.1962
9.3786
26.0474
29.728
24.0618
18.1696
20.2556
24.8644
18.015
11.636
11.8994
17.847
12.8324
17.2686
15.2188
13.7388
24.683
13.0188
13.194
18.4712
15.1554
17.9778
18.5744
27.3536
20.391
27.0394
11.0858
19.515
13.3978
19.0222
27.1342
14.321
16.8892
20.986
16.219
18.861
28.086
15.6226
12.6942
14.6278
11.8282
11.8748
18.0958
29.665
19.1118
15.417
17.3296
15.8226
18.342
28.5022
25.0234
24.6686
12.1862
23.3956
26.4706
10.8754
21.5228
24.3994
13.6686
22.2776
18.9096
15.2924
18.2306
22.8964
15.4856
16.844
12.7772
12.2604
10.9518
14.9394
19.5258
12.5798
16.8366
23.158
16.7154
15.6336
11.8802
24.1702
14.413
11.228
18.7382
16.2846
22.2868
23.5424
11.0968
19.9084
14.9432
13.8496
14.6348
15.6612
15.095
12.6552
23.1912
9.93
9.7564
19.6136
15.3352
13.821
11.3634
16.0838
18.4308
21.1936
23.2606
13.3454
13.7436
17.7986
14.673
13.9442
14.0574
8.1236
13.5312
13.6944
28.5402
9.9146
9.2538
21.6168
26.3852
14.276
14.2006
14.6488
20.3834
17.3388
10.3472
14.9142
13.5996
10.6288
14.5188
13.4486
10.4308
9.6202
12.491
17.14
19.7034
12.0638
10.8214
11.3606
9.2658
11.2342
10.442
13.4392
10.8702
11.3938
9.5372
15.3054
13.3838
10.9954
30.0232
22.5394
27.7238
10.3008
11.3868
10.7328
21.5408
9.115
9.3212
11.5212
19.9018
11.1106
17.327
10.8058
27.23
10.8718
23.2052
12.5428
9.3618
14.5138
15.983
16.5056
15.5824
10.7464
11.9222
12.9666
9.3674
12.0468
11.8394
12.5936
7.1518
12.7378
11.0058
12.7202
11.2778
21.1176
26.0656
17.8668
14.6
11.2438
20.1588
12.2712
18.2216
15.422
11.756
20.776
16.5134
19.5344
9.8366
12.7398
15.7044
8.0892
9.31
19.3652
9.0446
15.003
11.2734
9.7076
10.0774
25.2026
14.1952
7.9808
11.249
11.6552
15.7988
11.1958
11.3816
10.9302
12.4084
7.6494
13.7062
13.6328
20.3454
35.234
10.1144
16.8454
9.7056
14.6372
10.0204
10.9324
12.8878
14.117
20.3534
8.546
20.5728
5.809
11.177
8.9846
8.8498
9.1962
11.6934
11.401
8.6982
16.6902
18.0494
7.8162
12.2436
11.5768
23.0232
20.6036
8.4214
9.0514
8.9464
9.0172
9.066
8.0524
12.667
24.2158
9.0106
21.5142
7.8816
9.6602
10.4608
12.6336
14.3584
6.5474
11.1156
13.1748
7.737
8.5066
8.5888
15.5892
10.0122
9.4034
18.6598
22.3404
9.097
14.442
18.5802
10.7446
8.7722
11.773
8.89
14.8886
27.2622
8.276
7.509
8.3456
9.8624
12.53
18.67
14.0628
7.5974
13.8556
7.764
8.0946
8.4738
6.8618
9.1636
19.1904
16.445
8.97
20.9956
9.8664
9.4652
9.8394
19.8438
7.9952
6.5258
17.6526
18.0166
19.7184
7.7342
27.4492
7.198
8.453
10.0258
20.7942
6.3206
10.1118
7.7974
20.322
7.8814
19.1214
7.9488
8.4244
10.7984
12.3626
9.5918
6.4346
