7296
4251
6081
5249
5186
5709
4680
4529
8635
6955
4316
4932
8670
3464
4583
3917
6128
7035
4098
3381
8112
5279
6097
6011
5162
7347
5462
11595
6113
4811
8064
6612
6250
5460
6717
6270
5623
5863
6221
4086
4392
6274
4828
7137
6856
4611
5035
5824
5556
5162
13748
4398
3382
4572
3755
5757
4700
4149
3724
5849
6912
4364
7329
4796
12624
6731
4226
4020
5260
4143
3821
4371
6249
4526
3703
4859
2939
3827
3772
4802
7300
3930
5398
4300
5425
5490
2320
3188
3114
4004
5088
4132
3901
3497
4515
5364
4883
4104
4988
5631
3052
3679
2928
3857
4070
4045
5100
3031
3440
3941
4974
4076
2430
6612
6264
3838
2922
4053
2499
3368
3869
2769
3096
5166
4420
5064
3287
4123
3444
5383
4697
4889
4923
2755
2932
3167
2743
4924
3837
6510
3146
5235
3866
4006
3932
3193
3054
3110
5120
4436
5043
4303
3742
4595
3231
6982
2085
3309
4464
5105
6177
2340
4482
4132
2911
2786
3338
4115
4540
2837
4158
3197
2540
4087
3487
4540
4570
3564
3879
2562
4418
2892
3420
4344
2630
3644
2242
2938
2507
3804
3388
2851
2254
3113
3638
3909
2570
3179
3082
2863
