17.5
15.852
19.92
23.904
11.856
15.804
18.094
11.684
15.732
13.564
11.318
30.92
19.17
34.782
26.6
10.606
14.5
24.27
20.036
25.308
18.602
12.534
15.332
17.236
16.124
13.644
20.782
15.18
22.512
10.9
13.482
19.83
24.536
28.038
16.854
20.632
16.108
12.964
15.842
14.79
12.116
12.178
19.0
22.49
13.274
14.374
19.19
32.192
13.138
11.432
11.53
10.406
16.016
15.428
14.814
11.2
17.674
17.696
18.032
14.382
15.686
13.566
14.362
10.964
15.858
11.406
12.792
23.972
15.226
16.108
12.762
11.752
10.38
18.074
12.22
14.178
14.822
13.75
18.822
13.366
11.972
13.684
12.12
13.588
16.444
16.454
14.824
15.384
13.188
15.972
14.34
15.434
16.728
17.5
14.4
12.896
11.408
7.854
10.114
11.494
12.794
14.502
13.31
12.266
11.58
12.276
10.436
18.93
10.204
14.332
13.838
16.308
17.38
13.486
15.27
13.018
10.874
18.28
11.888
16.172
16.734
13.87
18.204
13.014
10.208
9.08
9.77
12.986
14.312
14.174
13.306
19.16
10.57
29.08
11.926
13.538
9.976
12.596
13.916
10.328
11.288
15.698
12.27
13.632
10.208
18.118
9.756
12.584
7.566
11.478
11.704
10.0
14.614
9.326
12.528
10.386
12.276
10.672
9.612
13.172
15.996
10.14
8.43
10.496
11.324
12.958
8.53
9.294
11.97
13.312
14.038
9.198
13.39
9.866
10.116
11.916
8.66
13.232
9.344
7.836
12.868
10.046
12.452
9.81
9.838
11.878
11.594
8.724
10.176
7.82
12.196
11.768
15.934
9.616
9.986
10.838
12.548
13.462
14.706
13.082
