14.592
8.502
12.162
10.498
10.372
11.418
9.36
9.058
17.27
13.91
8.632
9.864
17.34
6.928
9.166
7.834
12.256
14.07
8.196
6.762
16.224
10.558
12.194
12.022
10.324
14.694
10.924
23.19
12.226
9.622
16.128
13.224
12.5
10.92
13.434
12.54
11.246
11.726
12.442
8.172
8.784
12.548
9.656
14.274
13.712
9.222
10.07
11.648
11.112
10.324
27.496
8.796
6.764
9.144
7.51
11.514
9.4
8.298
7.448
11.698
13.824
8.728
14.658
9.592
25.248
13.462
8.452
8.04
10.52
8.286
7.642
8.742
12.498
9.052
7.406
9.718
5.878
7.654
7.544
9.604
14.6
7.86
10.796
8.6
10.85
10.98
4.64
6.376
6.228
8.008
10.176
8.264
7.802
6.994
9.03
10.728
9.766
8.208
9.976
11.262
6.104
7.358
5.856
7.714
8.14
8.09
10.2
6.062
6.88
7.882
9.948
8.152
4.86
13.224
12.528
7.676
5.844
8.106
4.998
6.736
7.738
5.538
6.192
10.332
8.84
10.128
6.574
8.246
6.888
10.766
9.394
9.778
9.846
5.51
5.864
6.334
5.486
9.848
7.674
13.02
6.292
10.47
7.732
8.012
7.864
6.386
6.108
6.22
10.24
8.872
10.086
8.606
7.484
9.19
6.462
13.964
4.17
6.618
8.928
10.21
12.354
4.68
8.964
8.264
5.822
5.572
6.676
8.23
9.08
5.674
8.316
6.394
5.08
8.174
6.974
9.08
9.14
7.128
7.758
5.124
8.836
5.784
6.84
8.688
5.26
7.288
4.484
5.876
5.014
7.608
6.776
5.702
4.508
6.226
7.276
7.818
5.14
6.358
6.164
5.726
