-6195.0
-5282.0
-7012.0
-6877.0
-3207.0
-4563.0
-5516.0
-3634.0
-4729.0
-4080.0
-3319.0
-8829.0
-6569.0
-10854.0
-9555.0
-3014.0
-5220.0
-8462.0
-6993.0
-7371.0
-3550.0
-4069.0
-4694.0
-4856.0
-3979.0
-3909.0
-5293.0
-5899.0
-8692.0
-3188.0
-4176.0
-5130.0
-6380.0
-10022.0
-4532.0
-6228.0
-5595.0
-3881.0
-5003.0
-4527.0
-3565.0
-3296.0
-6080.0
-7015.0
-4792.0
-4656.0
-5865.0
-9837.0
-3619.0
-3010.0
-5078.0
-2528.0
-4044.0
-5249.0
-4807.0
-3678.0
-4543.0
-5372.0
-5641.0
-4673.0
-3927.0
-4200.0
-4265.0
-2938.0
-5923.0
-2787.0
-3707.0
-6051.0
-4401.0
-4613.0
-3630.0
-3197.0
-4208.0
-5938.0
-3087.0
-3879.0
-4884.0
-4427.0
-6048.0
-3641.0
-3639.0
-3125.0
-3827.0
-3636.0
-5455.0
-4833.0
-4302.0
-5098.0
-4273.0
-4683.0
-4332.0
-4976.0
-5874.0
-4637.0
-3715.0
-3353.0
-3244.0
-2741.0
-3857.0
-2804.0
-3368.0
-4562.0
-3527.0
-3569.0
-3618.0
-2991.0
-2772.0
-5179.0
-2630.0
-3666.0
-3894.0
-5324.0
-4568.0
-3674.0
-5206.0
-3685.0
-2627.0
-5767.0
-3104.0
-4309.0
-4882.0
-3715.0
-5592.0
-4054.0
-2427.0
-2109.0
-2327.0
-4158.0
-3417.0
-4206.0
-4214.0
-5642.0
-3285.0
-8272.0
-3412.0
-3881.0
-2047.0
-4077.0
-4126.0
-3129.0
-3265.0
-4266.0
-3549.0
-3752.0
-3003.0
-5183.0
-2217.0
-3663.0
-2152.0
-3459.0
-3219.0
-3253.0
-4353.0
-3159.0
-3153.0
-3203.0
-3774.0
-2364.0
-2949.0
-3302.0
-4057.0
-2191.0
-2238.0
-2879.0
-2996.0
-4037.0
-1764.0
-2580.0
-2677.0
-4080.0
-3539.0
-2337.0
-4563.0
-2630.0
-2626.0
-3737.0
-2479.0
-2847.0
-2565.0
-2231.0
-2814.0
-2541.0
-2632.0
-2658.0
-2120.0
-3692.0
-3130.0
-2363.0
-2128.0
-2276.0
-3569.0
-3133.0
-5808.0
-2736.0
-2821.0
-3210.0
-3677.0
-3937.0
-4741.0
-3258.0
