0
0
0
0
0
0
0
0
0
0
0
0
0
0
0
0
0
0
0
0
0
0
0
0
0
0
0
0
0
0
0
0
0
0
0
0
1
1
1
1
1
1
1
1
1
1
1
1
1
1
1
1
1
1
1
1
1
1
1
1
1
1
1
2
3
3
1
1
1
1
1
1
1
1
1
1
1
1
1
1
1
1
1
2
2
3
3
2
1
0
0
0
0
0
0
0
0
0
0
0
1
1
1
1
2
3
4
4
5
5
6
6
6
6
6
6
6
6
8
6
4
3
3
3
3
3
3
3
3
3
3
3
5
5
5
5
7
8
10
11
11
11
11
11
11
11
11
13
13
13
13
14
14
15
14
14
14
14
15
16
17
19
19
22
24
20
18
17
16
16
16
16
16
16
16
16
18
18
18
18
18
18
19
20
20
21
18
16
16
14
14
14
14
17
17
16
16
15
15
14
15
15
15
15
15
15
15
15
15
15
15
15
15
15
15
15
15
15
15
13
12
11
10
9
9
9
11
12
13
14
16
14
12
11
10
11
11
12
13
14
14
15
15
17
17
18
19
21
21
21
21
21
17
14
14
14
15
17
19
18
14
12
10
10
10
10
10
11
11
11
11
11
11
11
11
11
11
11
11
11
11
11
11
12
12
12
11
10
9
8
7
8
8
8
8
8
9
7
5
5
5
7
7
8
8
8
9
10
10
10
10
10
10
11
11
11
11
11
10
8
7
7
7
8
8
8
9
10
10
11
11
11
11
11
11
11
11
11
11
11
11
11
11
11
11
11
11
11
11
11
11
10
9
9
9
9
9
9
9
9
9
9
9
9
9
9
9
9
9
9
9
9
9
9
9
9
9
9
9
9
9
9
9
9
8
7
7
6
5
4
4
4
4
4
4
5
7
6
6
6
7
8
8
9
10
10
10
10
10
11
11
11
11
12
12
12
12
11
10
9
8
7
6
6
6
6
6
7
7
8
9
9
9
10
10
10
10
10
10
10
10
10
10
10
9
8
7
6
6
6
6
6
7
7
8
9
9
9
9
9
9
9
9
9
9
9
9
9
9
9
9
8
7
7
7
7
7
7
7
7
7
7
7
7
7
7
7
7
7
7
7
7
7
7
7
7
7
7
4
2
