0
0
0
0
0
0
0
0
0
0
0
0
0
0
0
0
0
0
0
0
0
0
0
0
0
0
0
0
0
0
0
0
0
0
0
0
0
0
0
0
0
0
0
0
0
0
0
0
0
0
0
0
0
0
0
0
0
0
0
0
0
0
0
0
0
0
1
1
1
1
1
1
1
1
2
2
2
2
2
2
2
2
2
2
2
2
2
2
2
2
2
2
2
0
0
0
0
0
0
0
1
1
1
1
1
1
1
1
2
3
3
3
3
3
3
3
3
3
3
3
3
3
3
3
4
4
2
3
3
3
3
4
4
4
4
4
4
4
4
5
5
5
6
6
3
3
3
3
3
3
4
4
4
4
5
5
5
5
5
5
5
5
5
5
5
5
5
5
6
6
6
6
5
5
5
5
5
5
5
6
6
7
8
9
9
10
10
10
11
12
13
13
14
15
15
15
16
16
16
16
16
16
17
17
17
17
17
17
17
18
19
19
19
19
20
20
21
21
22
22
23
23
23
24
24
26
26
26
26
26
26
26
26
27
27
27
27
27
28
28
28
28
28
24
21
20
20
20
20
20
21
21
21
21
24
24
25
25
25
25
26
26
26
26
26
27
27
28
28
28
29
29
29
29
29
30
28
28
28
28
29
29
29
29
30
30
31
31
32
32
33
33
34
34
36
36
36
36
37
37
38
39
39
39
39
39
39
39
39
38
35
32
31
28
26
24
24
27
26
26
26
26
28
28
28
28
28
28
30
30
34
34
34
35
37
37
39
39
39
40
40
43
45
45
47
48
49
49
48
47
47
46
45
45
44
45
47
47
46
48
47
47
46
47
48
49
45
43
39
33
29
28
27
29
31
32
30
31
30
30
30
30
30
30
31
33
34
34
34
34
34
34
35
35
35
35
36
37
38
36
36
37
36
37
37
37
37
38
37
36
36
39
40
41
44
44
45
43
41
39
36
38
37
38
38
40
41
42
42
42
44
45
45
47
47
48
49
49
49
49
50
50
51
51
52
53
53
54
55
55
52
51
50
49
47
46
48
47
46
47
49
47
45
44
43
41
40
41
40
41
42
42
45
45
44
44
44
44
46
47
46
47
48
50
51
52
53
55
57
58
60
58
57
56
57
59
57
59
58
59
55
60
58
58
57
57
58
58
57
57
59
59
59
59
61
62
62
64
64
66
67
68
68
69
69
69
71
71
72
73
75
74
75
76
77
78
80
82
82
85
83
77
73
69
67
67
66
63
62
61
61
60
60
59
58
58
57
56
55
55
55
55
54
54
54
54
54
54
54
54
55
57
58
57
57
56
54
55
56
54
54
54
53
56
53
51
50
48
47
49
49
51
52
53
55
55
57
57
59
59
61
62
63
65
66
69
72
73
74
75
78
80
76
72
70
67
65
67
65
66
68
66
65
63
61
60
62
62
62
61
59
59
62
63
64
66
66
68
69
69
71
71
72
75
77
76
75
75
77
77
77
77
75
72
72
73
71
72
73
75
77
79
80
80
81
81
82
83
84
86
87
88
90
89
89
89
91
93
96
97
98
101
102
104
106
108
111
107
104
100
97
95
96
94
93
91
91
91
90
91
90
89
89
92
94
93
93
92
93
93
94
94
96
97
97
99
100
101
100
100
100
101
100
98
99
99
101
101
101
101
102
102
104
105
109
111
111
113
111
108
106
105
104
105
106
107
107
107
107
107
107
107
107
108
108
108
108
109
110
111
112
112
112
113
113
113
113
113
113
114
116
114
112
110
108
106
107
105
103
104
104
104
103
101
100
99
98
99
100
100
100
100
102
103
103
103
104
102
101
100
103
102
101
102
103
104
106
107
107
110
110
107
104
104
103
103
103
103
101
103
102
101
100
100
99
100
98
98
98
98
99
99
101
103
104
104
102
105
104
105
108
110
111
110
110
110
109
111
110
109
110
110
110
110
114
115
114
113
114
113
112
113
114
114
115
116
116
118
119
120
121
121
122
123
123
120
118
119
118
118
121
124
125
126
126
126
126
127
126
127
128
128
130
131
132
136
138
138
144
146
146
145
144
142
140
140
139
140
140
141
143
144
143
144
144
142
144
142
144
142
146
147
146
147
147
146
147
147
146
145
146
146
147
143
142
139
138
136
134
130
134
133
134
131
129
126
125
126
125
127
126
127
127
125
126
125
124
124
125
126
127
128
127
131
131
132
132
135
137
137
140
143
140
139
138
137
137
136
136
135
134
135
136
136
136
136
134
134
136
134
135
136
138
141
143
145
148
150
152
155
156
159
158
164
165
164
163
166
168
167
166
166
163
161
161
160
158
156
155
152
149
150
148
147
146
145
146
146
147
146
148
148
146
146
148
149
152
152
152
154
154
155
159
158
157
153
154
151
150
149
150
150
149
149
149
149
149
147
147
147
146
146
145
144
145
144
144
145
144
145
143
141
138
135
132
132
133
131
126
127
128
127
127
126
126
121
121
116
116
115
113
110
110
112
113
116
116
119
122
124
126
126
128
128
128
128
128
130
131
130
131
133
134
137
137
140
141
145
147
151
153
153
155
156
158
159
160
161
162
164
164
164
164
163
162
163
162
163
163
163
161
160
160
160
160
160
159
159
160
161
160
160
160
161
161
162
164
164
164
166
167
168
170
170
171
172
173
173
175
175
171
167
163
161
157
156
157
156
155
153
154
153
153
152
152
151
150
148
148
152
151
151
152
153
154
151
150
149
147
147
147
148
148
147
144
143
140
141
140
140
141
138
135
138
136
134
133
130
128
128
128
127
125
121
121
121
119
119
116
116
111
111
110
107
103
101
103
102
100
97
96
98
99
100
99
97
97
98
95
93
94
97
97
99
97
96
94
92
92
91
90
94
92
94
93
94
95
94
94
94
94
96
95
96
96
98
101
102
100
105
107
110
110
110
112
114
114
112
108
110
107
106
104
107
104
108
101
98
100
98
99
99
96
96
93
92
92
92
92
93
95
97
96
99
97
99
99
104
106
110
109
111
110
111
113
114
113
112
111
112
110
111
112
111
107
108
108
108
108
107
107
105
106
105
107
110
111
112
113
113
113
114
117
116
118
117
116
119
118
118
119
121
120
120
120
120
121
120
121
123
121
122
125
124
126
128
128
129
128
128
129
130
130
132
133
133
134
134
135
137
139
140
140
141
142
144
146
147
144
142
140
138
136
136
135
131
130
129
129
127
126
124
121
120
118
119
119
118
120
120
118
117
117
116
114
102
102
98
104
103
104
100
98
98
103
102
100
105
106
103
100
102
104
105
101
102
104
106
104
102
102
101
100
100
101
103
104
106
108
110
113
115
116
117
115
111
113
113
111
114
113
116
117
119
120
122
120
122
123
124
124
125
126
127
128
129
130
131
131
132
134
134
136
134
131
128
126
122
121
119
118
118
119
119
119
119
116
118
116
120
120
119
120
121
121
124
123
125
127
126
126
127
128
129
130
132
134
136
137
140
140
143
144
144
143
141
140
138
136
137
137
136
136
134
132
132
131
131
131
133
133
135
135
136
137
137
135
134
133
134
135
135
135
137
138
139
136
134
130
129
126
127
122
120
119
119
122
125
123
123
119
117
111
110
109
110
111
108
107
106
103
105
102
103
100
103
103
107
110
108
107
104
104
104
102
102
101
99
101
102
103
101
99
100
100
99
99
101
103
103
104
104
106
109
112
111
110
111
111
113
116
120
121
125
126
129
130
131
130
128
125
122
120
117
115
115
114
116
116
114
112
114
111
108
110
103
100
100
99
100
96
95
99
92
91
90
89
89
88
90
94
93
96
94
95
95
95
99
103
106
104
106
106
107
110
112
116
119
121
122
126
124
126
127
128
129
130
128
127
126
126
122
118
114
112
113
111
111
110
109
108
109
109
108
109
109
107
108
107
108
107
107
109
108
109
111
112
113
112
112
114
113
115
118
119
122
123
125
126
127
122
119
116
112
109
110
108
108
107
108
110
107
104
102
103
100
100
97
96
98
98
97
99
100
101
103
101
101
101
102
102
104
104
102
102
103
106
106
108
109
108
108
107
109
110
114
114
114
115
120
124
122
125
130
134
138
139
137
135
133
131
134
137
132
126
119
113
106
103
103
99
97
96
99
95
95
95
92
92
92
88
88
90
90
87
83
86
84
81
81
81
82
83
84
88
89
88
88
88
91
92
94
96
96
98
99
101
101
101
100
101
102
105
107
102
100
98
95
92
91
92
90
87
84
83
81
77
75
76
73
71
69
67
65
64
63
63
64
63
61
62
61
61
62
64
67
70
69
71
71
74
78
80
81
83
85
90
91
93
96
97
100
101
103
108
106
105
105
104
105
105
105
105
106
105
105
106
105
105
104
103
105
106
107
108
108
109
110
111
111
112
113
114
114
114
115
117
118
119
119
120
121
123
123
120
120
119
118
118
116
114
113
113
112
113
112
112
112
111
109
107
107
107
107
108
108
108
109
112
111
111
111
110
111
110
111
113
108
105
101
99
95
93
92
89
89
85
87
85
84
81
79
76
73
73
70
68
69
68
67
67
70
70
70
69
65
65
68
67
67
68
71
73
74
77
78
78
79
84
86
89
90
91
94
98
96
98
102
102
102
104
107
108
112
113
115
118
120
120
120
121
120
121
122
121
118
118
117
118
121
121
120
116
116
115
118
118
118
119
119
117
118
120
121
119
118
117
115
113
112
113
111
110
110
109
111
110
109
113
112
113
113
109
107
106
105
103
102
105
105
106
106
107
105
106
107
108
108
107
106
107
107
106
106
105
105
105
104
90
91
91
93
95
95
98
96
96
96
97
98
98
99
101
103
103
107
108
109
109
111
112
113
114
111
107
104
101
99
96
95
96
95
94
92
92
91
89
89
85
86
84
83
84
84
85
85
84
83
83
83
83
83
84
87
87
90
90
91
94
95
97
101
103
102
107
106
109
108
108
110
111
111
112
114
111
108
107
103
102
102
102
100
100
99
98
96
95
93
90
89
87
85
83
82
82
81
82
82
82
81
82
82
83
85
87
87
89
91
92
93
96
98
101
102
104
105
107
110
111
113
113
116
118
120
121
115
111
107
103
98
98
96
95
96
95
94
93
90
88
86
84
81
79
77
77
77
77
78
79
80
80
82
83
85
86
87
89
91
91
91
89
90
90
90
90
90
92
92
93
94
94
94
94
96
95
97
98
98
101
103
106
107
108
109
111
111
113
112
113
115
115
114
113
112
112
111
110
113
115
115
114
115
115
116
117
118
117
119
121
121
119
118
116
116
115
115
117
117
118
117
116
115
115
116
115
114
114
115
116
116
117
117
117
118
119
120
121
121
122
124
125
124
125
126
126
127
129
129
125
121
117
113
109
108
109
106
106
103
101
102
98
97
92
86
87
85
84
85
85
84
83
81
83
82
84
84
87
88
90
89
95
91
86
85
84
83
77
77
75
73
71
70
67
66
66
65
65
62
64
61
60
60
62
61
59
59
59
59
61
62
63
65
67
69
67
64
62
60
58
58
57
60
61
60
62
60
60
59
59
56
55
56
53
57
59
58
59
58
59
61
63
63
62
63
65
62
68
68
70
65
62
65
64
66
68
69
72
71
72
71
68
67
69
71
72
73
74
74
74
77
77
78
79
79
81
83
83
85
86
86
86
88
88
91
90
90
88
84
82
80
80
79
80
80
81
82
82
84
83
87
89
89
88
88
90
91
89
92
97
96
97
99
101
105
107
106
107
108
115
114
111
111
108
108
107
104
106
104
104
101
98
96
95
94
90
88
87
87
87
87
88
87
88
87
86
87
83
82
80
81
81
79
81
80
79
80
80
81
82
83
86
85
85
86
88
89
89
89
89
92
91
94
95
97
97
97
98
99
100
99
97
94
92
91
90
89
90
91
93
93
92
93
94
94
94
91
91
91
93
95
96
97
97
98
99
101
102
102
104
100
97
93
94
92
91
90
90
89
90
90
88
88
86
86
87
87
86
88
88
89
89
89
89
88
87
86
85
86
86
90
91
94
93
93
91
95
96
96
97
96
95
96
98
98
100
100
100
101
101
103
104
104
106
105
106
108
108
109
111
113
115
116
115
116
116
117
118
118
119
118
117
118
121
121
120
120
119
118
119
118
119
120
120
121
120
120
121
121
121
123
124
126
126
128
129
131
133
133
135
135
137
133
128
124
119
114
113
109
107
106
103
105
106
107
105
102
100
98
97
97
96
97
99
99
99
96
95
89
85
85
82
85
84
81
81
78
79
78
78
78
79
79
81
80
81
81
81
83
86
87
88
88
90
92
93
95
97
94
94
96
97
96
94
94
93
93
93
93
94
95
95
95
96
95
94
93
95
96
99
99
102
103
105
105
109
111
113
113
111
111
113
111
113
109
112
112
110
113
113
112
111
111
109
109
107
107
106
106
107
110
111
112
112
114
113
115
117
116
116
117
117
116
117
117
117
117
117
117
117
118
118
117
116
113
112
110
108
106
105
104
104
104
101
99
99
102
102
105
107
107
108
108
109
110
110
112
113
113
114
117
117
118
119
120
122
124
124
125
126
126
126
127
126
126
126
126
127
128
128
129
130
130
131
131
133
134
132
133
134
134
136
137
139
140
141
142
143
146
147
147
148
148
148
149
148
147
148
149
150
151
152
151
152
152
150
148
146
145
143
142
142
141
141
139
138
137
136
136
135
133
131
129
128
127
125
125
124
123
122
122
121
120
119
119
119
119
118
118
117
118
118
118
117
117
115
116
116
116
115
115
114
112
111
110
109
109
108
105
106
104
105
106
107
107
105
105
103
102
102
104
104
107
108
108
110
112
113
111
114
113
115
116
114
109
108
103
98
94
90
87
84
84
83
81
82
81
80
81
82
80
82
75
73
73
71
71
74
75
71
72
67
66
65
66
65
63
65
65
66
66
67
67
68
67
69
67
68
68
69
69
70
71
72
72
73
75
76
74
74
75
76
78
76
76
76
79
80
81
79
78
80
81
81
83
82
81
81
80
80
79
79
79
80
80
80
78
77
77
78
77
74
71
69
68
67
64
62
60
58
57
55
53
54
52
50
48
47
46
45
46
43
42
41
40
40
39
40
40
40
40
40
40
38
36
36
35
36
37
36
38
40
40
42
43
44
44
43
45
47
47
47
48
46
46
45
44
44
43
44
44
42
42
40
38
38
36
36
35
36
37
39
39
42
45
46
48
48
48
48
50
50
53
52
49
47
45
42
42
41
42
41
41
42
42
41
42
42
43
43
44
44
44
44
44
44
44
44
44
44
45
45
45
45
45
45
45
43
41
40
38
36
34
33
32
30
28
25
22
19
18
17
16
16
16
17
17
18
18
18
18
18
18
20
19
19
20
21
21
22
23
24
22
22
22
23
23
24
24
25
25
25
25
25
25
25
25
25
25
25
25
25
25
25
25
25
26
26
26
26
26
26
26
26
26
26
27
27
27
27
27
27
27
27
27
27
27
27
27
27
27
28
28
28
27
26
25
24
23
23
22
22
22
21
21
21
21
21
22
22
23
23
24
26
26
27
28
28
28
28
28
29
29
30
30
30
30
30
31
31
31
28
28
28
28
29
29
30
30
31
31
30
30
31
31
30
29
28
27
26
26
25
25
25
25
25
25
25
25
25
26
26
27
25
23
21
20
20
20
20
20
20
20
20
20
20
20
20
20
20
20
20
20
20
20
20
20
20
20
20
20
20
20
20
20
20
19
18
17
17
16
16
15
14
14
14
13
12
11
10
9
8
8
8
8
8
8
8
8
8
8
8
8
8
8
8
9
9
9
10
11
11
12
12
12
9
7
6
6
6
6
6
6
7
8
8
8
8
9
9
9
10
10
10
10
10
10
11
11
11
11
11
12
12
13
13
13
14
13
13
12
11
11
12
12
13
14
14
14
14
14
15
16
16
16
17
16
16
16
16
16
16
16
16
16
16
16
16
16
16
16
16
16
16
16
16
16
16
16
16
16
16
16
16
16
16
16
16
16
15
14
13
12
11
10
10
9
9
9
9
8
7
6
5
4
4
3
2
2
2
2
3
3
4
5
5
5
5
5
5
5
5
5
5
5
5
5
5
5
5
6
6
7
7
7
7
7
7
7
7
7
7
7
7
7
8
7
7
7
7
8
8
8
9
9
9
9
8
7
6
6
6
6
7
7
7
7
8
9
9
11
11
12
11
10
11
11
11
11
11
11
11
11
12
12
12
13
13
14
14
15
15
15
17
18
18
18
18
18
18
18
18
18
18
18
18
18
18
18
18
18
18
18
18
18
18
18
18
18
18
19
20
20
20
20
20
20
20
20
20
20
20
20
20
20
21
21
21
21
21
22
22
23
23
23
23
23
24
25
25
26
26
26
26
26
26
26
26
26
26
24
22
20
18
17
17
17
17
17
17
17
17
17
17
17
17
17
17
17
17
17
17
17
17
17
17
17
17
17
17
17
17
17
16
15
14
14
14
14
14
14
14
14
14
14
14
14
14
14
14
14
14
13
12
11
10
9
8
10
10
10
10
9
8
8
8
7
6
5
5
5
5
5
6
7
7
8
8
8
10
10
11
11
12
12
13
13
14
14
16
16
15
16
16
17
17
17
17
18
19
19
20
20
21
22
22
22
22
22
22
23
23
24
24
25
26
27
27
27
28
29
29
29
27
25
23
21
19
19
18
18
18
18
18
17
16
15
15
15
15
15
15
15
15
15
15
15
15
15
15
15
15
15
15
15
15
15
15
15
15
15
15
15
15
15
15
15
15
15
15
15
15
15
15
15
15
15
15
15
15
15
15
15
15
15
15
15
15
15
14
13
12
11
10
9
8
8
8
8
8
7
6
5
4
3
2
2
1
1
1
1
1
1
1
1
1
1
1
1
2
2
3
3
4
4
5
6
6
6
6
6
7
7
7
8
8
8
8
9
9
9
10
10
10
11
11
12
13
13
13
13
13
13
14
14
14
15
15
13
11
10
8
6
5
4
4
4
6
6
6
6
5
4
3
2
1
1
1
1
1
1
1
1
1
1
1
1
1
2
2
3
3
5
5
5
6
7
6
6
7
7
7
7
7
8
9
9
9
10
10
10
10
10
11
12
12
12
13
13
13
13
13
13
13
14
14
14
15
15
16
14
13
12
10
9
7
6
6
5
5
4
3
2
1
1
0
0
0
0
0
0
0
0
0
0
0
0
0
0
0
1
1
2
2
3
3
4
4
4
4
5
5
5
6
6
6
7
7
7
8
8
8
9
9
9
9
9
7
5
5
4
3
3
3
2
2
2
2
2
2
1
1
0
0
0
0
0
0
0
0
0
0
0
0
0
0
0
0
0
0
0
0
0
0
0
0
0
0
0
0
0
0
0
0
0
0
0
0
0
0
0
0
0
0
0
0
0
0
0
0
0
0
0
0
0
0
0
0
0
0
0
0
0
0
0
0
0
0
0
0
0
0
0
0
0
0
0
0
0
0
0
0
0
0
0
0
0
0
0
0
0
0
0
0
0
0
0
0
0
0
0
0
0
0
0
0
0
0
0
0
0
0
0
0
0
0
0
0
0
