0.0
0.0
0.0
0.0
0.0
0.0
0.0
0.0
0.0
0.0
0.0
0.0
0.0
0.0
0.0
0.0
0.0
0.0
0.0
0.0
0.0
0.0
0.0
0.0
0.0
0.0
0.0
0.0
0.0
0.0
0.0
0.0
0.0
0.0
0.0
0.0
0.0
0.0
0.0
0.0
0.0
0.0
0.0
0.0
0.0
0.0
0.0
0.0
0.0
0.0
0.0
0.0
0.0
0.0
0.0
0.0
0.0
0.0
0.0
0.0
0.0
0.0
0.0
0.0
0.0
0.0
1.0
2.0
3.0
4.0
5.0
6.0
7.0
8.0
10.0
12.0
14.0
16.0
18.0
20.0
22.0
24.0
26.0
28.0
30.0
32.0
34.0
36.0
38.0
40.0
42.0
44.0
46.0
0.0
0.0
0.0
0.0
0.0
0.0
0.0
1.0
2.0
3.0
4.0
5.0
6.0
7.0
8.0
10.0
13.0
16.0
19.0
22.0
25.0
28.0
31.0
34.0
37.0
40.0
43.0
46.0
49.0
52.0
55.0
59.0
63.0
46.0
49.0
52.0
55.0
58.0
62.0
66.0
70.0
74.0
78.0
82.0
86.0
90.0
95.0
100.0
105.0
111.0
117.0
58.0
24.0
27.0
30.0
33.0
36.0
40.0
44.0
48.0
52.0
57.0
62.0
67.0
72.0
77.0
82.0
87.0
92.0
97.0
102.0
107.0
112.0
117.0
122.0
128.0
134.0
140.0
146.0
147.0
152.0
157.0
162.0
167.0
172.0
177.0
183.0
189.0
196.0
204.0
213.0
222.0
232.0
242.0
252.0
263.0
275.0
288.0
301.0
315.0
330.0
345.0
360.0
376.0
392.0
408.0
424.0
440.0
456.0
473.0
490.0
507.0
524.0
541.0
558.0
575.0
593.0
612.0
631.0
650.0
669.0
689.0
709.0
730.0
751.0
773.0
795.0
818.0
841.0
864.0
888.0
912.0
938.0
964.0
990.0
1016.0
1042.0
1068.0
1094.0
1120.0
1147.0
1174.0
1201.0
1228.0
1255.0
1283.0
1311.0
1339.0
1367.0
1395.0
988.0
847.0
809.0
799.0
819.0
839.0
859.0
880.0
901.0
922.0
943.0
967.0
991.0
1016.0
1041.0
1066.0
1091.0
1117.0
1143.0
1169.0
1195.0
1221.0
1248.0
1275.0
1303.0
1331.0
1359.0
1388.0
1417.0
1446.0
1475.0
1504.0
1534.0
1520.0
1516.0
1544.0
1572.0
1598.0
1627.0
1656.0
1685.0
1715.0
1745.0
1776.0
1807.0
1838.0
1869.0
1901.0
1933.0
1966.0
1999.0
2034.0
2069.0
2104.0
2139.0
2175.0
2211.0
2248.0
2286.0
2324.0
2362.0
2400.0
2438.0
2476.0
2514.0
2552.0
2240.0
1954.0
1699.0
1447.0
1242.0
1066.0
944.0
942.0
964.0
976.0
997.0
1019.0
1041.0
1066.0
1091.0
1116.0
1141.0
1166.0
1191.0
1218.0
1245.0
1275.0
1305.0
1335.0
1366.0
1398.0
1430.0
1463.0
1496.0
1529.0
1563.0
1597.0
1634.0
1673.0
1712.0
1752.0
1793.0
1835.0
1877.0
1517.0
1375.0
1314.0
1254.0
1199.0
1236.0
1273.0
1311.0
1350.0
1390.0
1430.0
1472.0
1514.0
1556.0
1598.0
1641.0
1685.0
1730.0
1354.0
1079.0
822.0
642.0
515.0
513.0
521.0
540.0
567.0
595.0
623.0
651.0
679.0
707.0
735.0
763.0
791.0
819.0
848.0
878.0
909.0
939.0
970.0
1001.0
1032.0
1063.0
1095.0
1127.0
1159.0
1191.0
1224.0
1258.0
1293.0
1265.0
1264.0
1264.0
1263.0
1263.0
1296.0
1330.0
1364.0
1399.0
1434.0
1469.0
1505.0
1544.0
1584.0
1625.0
1669.0
1713.0
1758.0
1728.0
1722.0
1734.0
1754.0
1792.0
1821.0
1858.0
1895.0
1934.0
1974.0
2015.0
2056.0
2097.0
2139.0
2182.0
2225.0
2269.0
2313.0
2358.0
2404.0
2450.0
2496.0
2542.0
2589.0
2636.0
2684.0
2732.0
2781.0
2830.0
2879.0
2928.0
2978.0
3028.0
2729.0
2481.0
2266.0
2119.0
1982.0
1953.0
1885.0
1885.0
1892.0
1903.0
1919.0
1934.0
1951.0
1969.0
1982.0
2006.0
2043.0
2068.0
2097.0
2126.0
2165.0
2204.0
2245.0
2286.0
2328.0
2370.0
2412.0
2454.0
2498.0
2543.0
2574.0
2607.0
2644.0
2692.0
2735.0
2781.0
2832.0
2885.0
2940.0
2659.0
2388.0
2146.0
1923.0
1719.0
1562.0
1536.0
1430.0
1346.0
1353.0
1318.0
1297.0
1291.0
1333.0
1354.0
1405.0
1455.0
1509.0
1564.0
1619.0
1674.0
1731.0
1788.0
1845.0
1902.0
1961.0
2021.0
2081.0
2141.0
2202.0
2264.0
2327.0
2391.0
2313.0
2250.0
2190.0
2132.0
2083.0
2143.0
2206.0
2269.0
2332.0
2395.0
2458.0
2521.0
2585.0
2649.0
2714.0
2781.0
2848.0
2918.0
2599.0
2301.0
2063.0
1886.0
1737.0
1671.0
1639.0
1607.0
1643.0
1660.0
1705.0
1751.0
1797.0
1843.0
1889.0
1936.0
1983.0
2030.0
2077.0
2124.0
2171.0
2219.0
2267.0
2315.0
2363.0
2411.0
2459.0
2507.0
2555.0
2603.0
2652.0
2703.0
2755.0
2552.0
2400.0
2272.0
2147.0
2106.0
1984.0
1865.0
1758.0
1717.0
1676.0
1721.0
1678.0
1635.0
1593.0
1542.0
1585.0
1577.0
1583.0
1617.0
1663.0
1712.0
1763.0
1814.0
1866.0
1918.0
1972.0
2021.0
2076.0
2131.0
2187.0
2245.0
2304.0
2365.0
2429.0
2494.0
2561.0
2628.0
2698.0
2769.0
2639.0
2549.0
2487.0
2429.0
2412.0
2415.0
2427.0
2461.0
2477.0
2505.0
2558.0
2611.0
2664.0
2717.0
2770.0
2824.0
2878.0
2932.0
2982.0
3035.0
3089.0
3143.0
3198.0
3254.0
3310.0
3367.0
3425.0
3483.0
3543.0
3603.0
3664.0
3727.0
3792.0
3640.0
3489.0
3338.0
3218.0
3147.0
3212.0
3258.0
3304.0
3329.0
3376.0
3438.0
3500.0
3565.0
3631.0
3700.0
3771.0
3844.0
3918.0
3992.0
4067.0
4142.0
4218.0
4295.0
4373.0
4452.0
4532.0
4612.0
4693.0
4767.0
4847.0
4927.0
5008.0
5090.0
5175.0
5260.0
5345.0
5431.0
5518.0
5605.0
5693.0
5782.0
5873.0
5765.0
5694.0
5639.0
5602.0
5590.0
5636.0
5691.0
5747.0
5802.0
5869.0
5936.0
6003.0
6071.0
6139.0
6207.0
6275.0
6345.0
6415.0
6485.0
6555.0
6625.0
6695.0
6765.0
6835.0
6905.0
6975.0
7045.0
7115.0
7186.0
7257.0
7329.0
7401.0
7473.0
7511.0
7555.0
7602.0
7666.0
7739.0
7812.0
7886.0
7960.0
8034.0
8108.0
8182.0
8256.0
8331.0
8406.0
8484.0
8563.0
8642.0
8722.0
8722.0
8751.0
8804.0
8869.0
8934.0
9004.0
9075.0
9146.0
9217.0
9288.0
9359.0
9430.0
9501.0
9572.0
9643.0
9714.0
9785.0
9856.0
9927.0
9999.0
10071.0
10143.0
10215.0
10287.0
10359.0
10432.0
10505.0
10578.0
10651.0
10724.0
10797.0
10871.0
10946.0
10361.0
9936.0
9520.0
9129.0
8778.0
8604.0
8341.0
8079.0
8139.0
8035.0
7959.0
7886.0
7825.0
7764.0
7704.0
7645.0
7587.0
7647.0
7617.0
7590.0
7650.0
7712.0
7775.0
7838.0
7901.0
7965.0
8029.0
8093.0
8158.0
8225.0
8292.0
8360.0
8430.0
8501.0
8574.0
8649.0
8725.0
8802.0
8881.0
8372.0
7869.0
7364.0
6861.0
6358.0
5873.0
5413.0
4987.0
4589.0
4662.0
4290.0
3946.0
3626.0
3511.0
3215.0
2932.0
2660.0
2390.0
2453.0
2214.0
2278.0
2343.0
2408.0
2474.0
2540.0
2606.0
2672.0
2738.0
2804.0
2871.0
2940.0
3011.0
3083.0
3054.0
3028.0
3012.0
2996.0
2989.0
2998.0
3012.0
3037.0
3062.0
3088.0
3114.0
3180.0
3207.0
3233.0
3260.0
3289.0
3318.0
3346.0
3377.0
3441.0
3505.0
3571.0
3638.0
3706.0
3775.0
3846.0
3919.0
3993.0
4067.0
4143.0
4210.0
4277.0
4348.0
4418.0
4495.0
4575.0
4657.0
4742.0
4828.0
4621.0
4440.0
4265.0
4166.0
4142.0
4229.0
4316.0
4404.0
4493.0
4582.0
4673.0
4765.0
4857.0
4951.0
5046.0
5141.0
5239.0
5338.0
5293.0
5248.0
5201.0
5153.0
5105.0
5079.0
5029.0
5113.0
5084.0
5055.0
5079.0
5105.0
5075.0
5044.0
5020.0
4997.0
5020.0
4998.0
5026.0
5009.0
5033.0
5101.0
5169.0
5238.0
5307.0
5370.0
5433.0
5496.0
5559.0
5623.0
5688.0
5752.0
5819.0
5722.0
5641.0
5557.0
5483.0
5438.0
5395.0
5352.0
5414.0
5416.0
5420.0
5423.0
5425.0
5428.0
5431.0
5436.0
5497.0
5559.0
5565.0
5573.0
5582.0
5589.0
5648.0
5707.0
5766.0
5825.0
5885.0
5946.0
6009.0
6073.0
6137.0
6204.0
6272.0
6342.0
6413.0
6488.0
6564.0
6641.0
6721.0
6804.0
6799.0
6797.0
6796.0
6794.0
6830.0
6825.0
6822.0
6817.0
6811.0
6847.0
6882.0
6881.0
6885.0
6927.0
6941.0
6956.0
6996.0
6989.0
7030.0
7074.0
7118.0
7186.0
7255.0
7325.0
7397.0
7471.0
7546.0
7622.0
7699.0
7778.0
7855.0
7935.0
8017.0
8038.0
8064.0
8104.0
8145.0
8180.0
8174.0
8169.0
8166.0
8164.0
8203.0
8247.0
8252.0
8288.0
8326.0
8363.0
8399.0
8473.0
8509.0
8546.0
8582.0
8618.0
8689.0
8760.0
8831.0
8902.0
8973.0
9044.0
9115.0
9187.0
9260.0
9334.0
9409.0
9485.0
9561.0
9639.0
9717.0
9796.0
9878.0
9961.0
9929.0
9898.0
9871.0
9845.0
9817.0
9787.0
9861.0
9832.0
9804.0
9777.0
9751.0
9823.0
9795.0
9766.0
9739.0
9712.0
9687.0
9662.0
9685.0
9662.0
9722.0
9784.0
9847.0
9910.0
9973.0
10036.0
9798.0
8995.0
7905.0
7073.0
6256.0
5442.0
5210.0
4869.0
4550.0
4512.0
4212.0
3930.0
3954.0
3947.0
3961.0
3978.0
3695.0
3411.0
3132.0
2853.0
2579.0
2313.0
2055.0
2074.0
1855.0
1638.0
1657.0
1677.0
1737.0
1800.0
1864.0
1931.0
1999.0
2069.0
2140.0
2212.0
2284.0
2357.0
2430.0
2503.0
2576.0
2649.0
2723.0
2797.0
2871.0
2945.0
3019.0
3093.0
3167.0
3241.0
3315.0
3389.0
3463.0
3537.0
3611.0
3685.0
3759.0
3833.0
3907.0
3981.0
4055.0
4092.0
4128.0
4163.0
4198.0
4233.0
4302.0
4336.0
4371.0
4439.0
4504.0
4571.0
4638.0
4705.0
4772.0
4839.0
4906.0
4973.0
5040.0
5107.0
5174.0
5241.0
5308.0
5375.0
5442.0
5509.0
5576.0
5643.0
5710.0
5778.0
5847.0
5917.0
5989.0
6061.0
6134.0
6208.0
6283.0
6358.0
6435.0
6512.0
6138.0
5764.0
5481.0
5197.0
4910.0
4803.0
4771.0
4751.0
4641.0
4533.0
4585.0
4638.0
4693.0
4748.0
4806.0
4866.0
4928.0
4989.0
5053.0
5120.0
5188.0
5257.0
5327.0
5398.0
5470.0
5151.0
5219.0
5287.0
5055.0
4821.0
4589.0
4358.0
4139.0
4115.0
4181.0
4249.0
4317.0
4386.0
4456.0
4528.0
4601.0
4674.0
4739.0
4809.0
4883.0
4959.0
5036.0
5113.0
5192.0
5271.0
5351.0
5136.0
4922.0
4708.0
4491.0
4275.0
4060.0
3843.0
3626.0
3410.0
3336.0
3260.0
3050.0
2838.0
2769.0
2651.0
2534.0
2523.0
2526.0
2529.0
2557.0
2609.0
2663.0
2718.0
2773.0
2828.0
2883.0
2939.0
2995.0
3051.0
3104.0
3162.0
3220.0
3280.0
3241.0
3224.0
3216.0
3219.0
3237.0
3293.0
3349.0
3408.0
3468.0
3530.0
3592.0
3656.0
3722.0
3789.0
3857.0
3926.0
3996.0
4068.0
4140.0
4212.0
4284.0
4357.0
4431.0
4506.0
4582.0
4659.0
4737.0
4817.0
4897.0
4978.0
5060.0
5143.0
5226.0
5098.0
4978.0
4866.0
4624.0
4389.0
4215.0
4122.0
3946.0
3775.0
3607.0
3567.0
3544.0
3589.0
3575.0
3580.0
3584.0
3649.0
3661.0
3681.0
3719.0
3775.0
3840.0
3905.0
3971.0
4038.0
4106.0
4174.0
4242.0
4311.0
4380.0
4451.0
4523.0
4596.0
4670.0
4745.0
4820.0
4898.0
4977.0
5058.0
4982.0
4912.0
4845.0
4780.0
4715.0
4719.0
4655.0
4660.0
4596.0
4530.0
4466.0
4400.0
4401.0
4335.0
4275.0
4215.0
4211.0
4166.0
4144.0
4160.0
4181.0
4238.0
4298.0
4346.0
4397.0
4447.0
4498.0
4549.0
4602.0
4657.0
4712.0
4770.0
4828.0
4845.0
4866.0
4884.0
4907.0
4930.0
4954.0
4979.0
5005.0
5067.0
5093.0
5136.0
5189.0
5253.0
5319.0
5385.0
5453.0
5522.0
5592.0
5664.0
5736.0
5808.0
5880.0
5952.0
6024.0
6096.0
6168.0
6240.0
6312.0
6384.0
6456.0
6529.0
6603.0
6677.0
6751.0
6826.0
6901.0
6977.0
7053.0
7129.0
6770.0
6419.0
6071.0
5731.0
5400.0
5245.0
5089.0
4837.0
4677.0
4731.0
4785.0
4840.0
4896.0
4953.0
5010.0
5069.0
5129.0
5191.0
5253.0
5316.0
5382.0
5449.0
5517.0
5345.0
5173.0
5002.0
4831.0
4646.0
4464.0
4286.0
4354.0
4186.0
4019.0
4004.0
3989.0
3975.0
3962.0
3951.0
3860.0
3771.0
3764.0
3672.0
3582.0
3491.0
3558.0
3465.0
3370.0
3277.0
3185.0
3171.0
3076.0
3035.0
2993.0
2981.0
2991.0
3042.0
3057.0
3073.0
3125.0
3178.0
3233.0
3291.0
3352.0
3415.0
3476.0
3541.0
3321.0
3140.0
3000.0
2862.0
2737.0
2802.0
2868.0
2936.0
3005.0
3075.0
3146.0
3218.0
3292.0
3367.0
3443.0
3520.0
3598.0
3676.0
3755.0
3834.0
3914.0
3994.0
4074.0
4154.0
4234.0
4314.0
4394.0
4474.0
4555.0
4609.0
4335.0
4059.0
3852.0
3645.0
3459.0
3276.0
3105.0
3105.0
3140.0
3204.0
3241.0
3280.0
3329.0
3392.0
3455.0
3518.0
3581.0
3644.0
3707.0
3770.0
3833.0
3896.0
3959.0
4022.0
4085.0
4148.0
4211.0
4274.0
4337.0
4400.0
4464.0
4530.0
4597.0
4665.0
4734.0
4804.0
4874.0
4945.0
5017.0
4929.0
4843.0
4758.0
4671.0
4581.0
4490.0
4476.0
4385.0
4293.0
4272.0
4178.0
4082.0
3988.0
3969.0
3882.0
3860.0
3839.0
3891.0
3945.0
3992.0
4040.0
4089.0
4082.0
4000.0
3939.0
3933.0
3980.0
4030.0
4081.0
4133.0
4187.0
4242.0
4300.0
3935.0
3580.0
3229.0
2901.0
2581.0
2479.0
2377.0
2422.0
2321.0
2222.0
2274.0
2330.0
2386.0
2446.0
2504.0
2565.0
2627.0
2690.0
2754.0
2820.0
2887.0
2955.0
3024.0
3095.0
3167.0
3239.0
3312.0
3386.0
3460.0
3536.0
3612.0
3689.0
3768.0
3765.0
3769.0
3776.0
3784.0
3729.0
3684.0
3681.0
3637.0
3594.0
3554.0
3513.0
3548.0
3594.0
3639.0
3696.0
3754.0
3813.0
3879.0
3946.0
4013.0
4080.0
4147.0
4214.0
4281.0
4348.0
4415.0
4482.0
4549.0
4616.0
4683.0
4751.0
4819.0
4890.0
4961.0
5033.0
5107.0
5183.0
5259.0
5336.0
5054.0
4778.0
4507.0
4245.0
4009.0
3773.0
3562.0
3350.0
3150.0
3203.0
3257.0
3311.0
3366.0
3424.0
3482.0
3537.0
3594.0
3651.0
3708.0
3765.0
3822.0
3880.0
3939.0
3998.0
4057.0
4116.0
4175.0
4234.0
4293.0
4352.0
4412.0
4473.0
4536.0
4521.0
4508.0
4495.0
4483.0
4504.0
4569.0
4637.0
4707.0
4779.0
4850.0
4924.0
5000.0
5077.0
5154.0
5232.0
5311.0
5391.0
5471.0
5551.0
5631.0
5712.0
5793.0
5874.0
5955.0
6036.0
6117.0
6198.0
6279.0
6361.0
6443.0
6259.0
6088.0
5947.0
5880.0
5891.0
5832.0
5842.0
5802.0
5835.0
5894.0
5959.0
6024.0
6089.0
6156.0
6223.0
6284.0
6351.0
6418.0
6485.0
6552.0
6619.0
6686.0
6753.0
6820.0
6887.0
6955.0
7024.0
7090.0
7155.0
7222.0
7289.0
7357.0
7426.0
7495.0
7567.0
7639.0
7712.0
7785.0
7858.0
7592.0
7392.0
7208.0
7046.0
6897.0
6883.0
6800.0
6717.0
6633.0
6614.0
6662.0
6710.0
6758.0
6807.0
6856.0
6905.0
6954.0
7003.0
7052.0
7102.0
7152.0
7202.0
7253.0
7304.0
7355.0
7407.0
7459.0
7511.0
7564.0
7617.0
7671.0
7726.0
7782.0
7764.0
7761.0
7761.0
7821.0
7882.0
7943.0
8006.0
8071.0
8137.0
8205.0
8274.0
8345.0
8418.0
8492.0
8566.0
8641.0
8716.0
8792.0
8868.0
8946.0
9024.0
9102.0
9181.0
9260.0
9339.0
9418.0
9497.0
9576.0
9655.0
9735.0
9657.0
9599.0
9565.0
9536.0
9513.0
9512.0
9542.0
9566.0
9563.0
9558.0
9608.0
9658.0
9708.0
9758.0
9808.0
9858.0
9908.0
9958.0
10008.0
10058.0
10108.0
10158.0
10208.0
10258.0
10309.0
10360.0
10411.0
10463.0
10516.0
10570.0
10625.0
10683.0
10742.0
10792.0
10844.0
10897.0
10959.0
11022.0
11087.0
11154.0
11221.0
11290.0
11060.0
10833.0
10606.0
10377.0
10151.0
9925.0
9995.0
9769.0
9545.0
9241.0
8941.0
8644.0
8354.0
8074.0
8089.0
7825.0
7561.0
6987.0
6414.0
5880.0
5622.0
5363.0
5105.0
4847.0
4590.0
4630.0
4372.0
4117.0
3863.0
3610.0
3358.0
3107.0
2859.0
2612.0
2364.0
2401.0
2445.0
2489.0
2534.0
2582.0
2633.0
2686.0
2703.0
2754.0
2810.0
2868.0
2930.0
2993.0
3057.0
3123.0
3189.0
3260.0
3332.0
3405.0
3480.0
3555.0
3632.0
3710.0
3789.0
3871.0
3364.0
3023.0
2751.0
2494.0
2249.0
2007.0
1915.0
1981.0
2047.0
2113.0
2179.0
2245.0
2311.0
2377.0
2443.0
2509.0
2575.0
2641.0
2708.0
2775.0
2842.0
2909.0
2976.0
3043.0
3110.0
3177.0
3244.0
3311.0
3378.0
3445.0
3513.0
3582.0
3651.0
3721.0
3791.0
3862.0
3934.0
4007.0
4080.0
3974.0
3876.0
3778.0
3679.0
3583.0
3485.0
3386.0
3286.0
3272.0
3169.0
3135.0
3101.0
2994.0
2975.0
2868.0
2759.0
2649.0
2537.0
2424.0
2379.0
2420.0
2462.0
2504.0
2546.0
2590.0
2634.0
2679.0
2725.0
2771.0
2819.0
2867.0
2917.0
2969.0
2652.0
2347.0
2045.0
1741.0
1450.0
1296.0
1158.0
1023.0
967.0
829.0
863.0
808.0
754.0
788.0
822.0
857.0
892.0
929.0
966.0
1003.0
1041.0
1080.0
1120.0
1161.0
1205.0
1250.0
1296.0
1342.0
1389.0
1439.0
1494.0
1552.0
1612.0
1611.0
1620.0
1653.0
1704.0
1755.0
1810.0
1874.0
1927.0
1993.0
2060.0
2129.0
2199.0
2269.0
2339.0
2409.0
2479.0
2550.0
2622.0
2694.0
2766.0
2838.0
2910.0
2982.0
3054.0
3128.0
3203.0
3279.0
3355.0
3431.0
3507.0
3583.0
3659.0
3735.0
3811.0
3887.0
3963.0
4039.0
4115.0
4191.0
4191.0
4192.0
4193.0
4193.0
4193.0
4192.0
4264.0
4262.0
4260.0
4258.0
4255.0
4251.0
4248.0
4314.0
4310.0
4207.0
4172.0
4005.0
3967.0
3866.0
3859.0
3818.0
3775.0
3731.0
3688.0
3650.0
3613.0
3576.0
3545.0
3600.0
3574.0
3630.0
3607.0
3363.0
3133.0
2989.0
2928.0
2843.0
2878.0
2929.0
2978.0
3029.0
3080.0
3134.0
3188.0
3245.0
3302.0
3363.0
3426.0
3489.0
3545.0
3609.0
3674.0
3739.0
3805.0
3871.0
3938.0
4006.0
4074.0
4142.0
4211.0
4280.0
4350.0
4420.0
4491.0
4563.0
4345.0
4332.0
4398.0
4467.0
4536.0
4605.0
4674.0
4744.0
4815.0
4887.0
4960.0
5034.0
5109.0
5184.0
5260.0
5336.0
5413.0
5490.0
5265.0
5044.0
4830.0
4615.0
4400.0
4203.0
4133.0
4057.0
3864.0
3669.0
3718.0
3767.0
3816.0
3865.0
3914.0
3963.0
4012.0
4061.0
4110.0
4159.0
4208.0
4257.0
4306.0
4355.0
4404.0
4453.0
4502.0
4551.0
4600.0
4651.0
4704.0
4758.0
4814.0
4866.0
4924.0
4984.0
5045.0
5109.0
5175.0
5243.0
5311.0
5384.0
5457.0
5532.0
5607.0
5683.0
5760.0
5838.0
5916.0
5995.0
6074.0
6067.0
6063.0
6060.0
6057.0
6069.0
6097.0
6120.0
6143.0
6167.0
6197.0
6247.0
6298.0
6348.0
6399.0
6450.0
6501.0
6552.0
6603.0
6654.0
6705.0
6756.0
6807.0
6858.0
6909.0
6960.0
7011.0
7063.0
7115.0
7168.0
7223.0
7280.0
7337.0
7396.0
7457.0
7519.0
7582.0
7648.0
7716.0
7787.0
7859.0
7933.0
8008.0
8085.0
8165.0
8246.0
8328.0
8410.0
8494.0
8578.0
8662.0
8746.0
8428.0
8116.0
7808.0
7507.0
7208.0
6926.0
6668.0
6681.0
6712.0
6746.0
6777.0
6828.0
6879.0
6931.0
6983.0
7036.0
7089.0
7143.0
7197.0
7251.0
7305.0
7359.0
7413.0
7467.0
7521.0
7575.0
7630.0
7686.0
7742.0
7798.0
7855.0
7914.0
7975.0
7646.0
7327.0
7007.0
6687.0
6369.0
6052.0
5736.0
5612.0
5298.0
4986.0
4675.0
4550.0
4240.0
3933.0
3627.0
3510.0
3204.0
3080.0
2775.0
2654.0
2716.0
2779.0
2843.0
2907.0
2972.0
3038.0
3105.0
3172.0
3240.0
3308.0
3377.0
3448.0
3520.0
3552.0
3590.0
3640.0
3712.0
3784.0
3856.0
3930.0
4006.0
4083.0
4160.0
4238.0
4315.0
4395.0
4476.0
4558.0
4640.0
4724.0
4809.0
4299.0
3919.0
3568.0
3294.0
3078.0
2882.0
2732.0
2801.0
2773.0
2755.0
2822.0
2841.0
2888.0
2953.0
3018.0
3083.0
3148.0
3213.0
3278.0
3343.0
3408.0
3473.0
3538.0
3603.0
3668.0
3733.0
3798.0
3863.0
3928.0
3993.0
4059.0
4125.0
4110.0
4140.0
4206.0
4272.0
4338.0
4407.0
4477.0
4083.0
3693.0
3314.0
3020.0
2732.0
2608.0
2570.0
2353.0
2263.0
2136.0
2176.0
2221.0
2267.0
2310.0
2349.0
2390.0
2435.0
2480.0
2525.0
2566.0
2610.0
2654.0
2698.0
2742.0
2786.0
2830.0
2874.0
2918.0
2963.0
3010.0
3059.0
3108.0
3161.0
2968.0
2707.0
2528.0
2374.0
2223.0
2072.0
2012.0
1861.0
1711.0
1671.0
1523.0
1374.0
1227.0
1167.0
1021.0
874.0
816.0
851.0
877.0
903.0
946.0
992.0
1038.0
1084.0
1131.0
1178.0
1225.0
1273.0
1321.0
1370.0
1420.0
1470.0
1521.0
1398.0
1288.0
1184.0
1098.0
1041.0
1020.0
1002.0
1032.0
1017.0
1003.0
1033.0
1063.0
1095.0
1129.0
1164.0
1199.0
1235.0
1272.0
1309.0
1348.0
1389.0
1430.0
1472.0
1514.0
1558.0
1602.0
1647.0
1693.0
1739.0
1786.0
1834.0
1882.0
1933.0
1773.0
1726.0
1682.0
1639.0
1600.0
1564.0
1531.0
1590.0
1650.0
1713.0
1770.0
1832.0
1894.0
1956.0
2018.0
2081.0
2146.0
2212.0
2278.0
2345.0
2412.0
2479.0
2548.0
2617.0
2687.0
2748.0
2818.0
2889.0
2961.0
3033.0
3077.0
3151.0
3226.0
3302.0
3379.0
3457.0
3537.0
3617.0
3697.0
3617.0
3547.0
3475.0
3408.0
3343.0
3348.0
3346.0
3277.0
3277.0
3206.0
3134.0
3127.0
3058.0
2990.0
2988.0
2923.0
2860.0
2797.0
2796.0
2773.0
2783.0
2839.0
2896.0
2953.0
3011.0
3070.0
3130.0
3190.0
3252.0
3315.0
3378.0
3442.0
3510.0
3297.0
3102.0
2968.0
2846.0
2727.0
2709.0
2701.0
2708.0
2710.0
2716.0
2770.0
2739.0
2709.0
2679.0
2650.0
2620.0
2600.0
2595.0
2650.0
2706.0
2763.0
2820.0
2877.0
2934.0
2991.0
3048.0
3105.0
3162.0
3219.0
3276.0
3333.0
3391.0
3449.0
3507.0
3565.0
3618.0
3675.0
3732.0
3790.0
3848.0
3906.0
3964.0
4022.0
4080.0
4138.0
4197.0
4256.0
4316.0
4376.0
4437.0
4498.0
4559.0
4622.0
4685.0
4748.0
4811.0
4874.0
4937.0
5001.0
5065.0
4724.0
4395.0
4155.0
3976.0
3844.0
3712.0
3567.0
3483.0
3537.0
3458.0
3515.0
3570.0
3628.0
3676.0
3734.0
3793.0
3852.0
3911.0
3972.0
4035.0
4099.0
4165.0
4232.0
4299.0
4367.0
4436.0
4507.0
4579.0
4651.0
4724.0
4628.0
4559.0
4522.0
4505.0
4508.0
4540.0
4583.0
4629.0
4675.0
4728.0
4781.0
4834.0
4888.0
4942.0
4997.0
5053.0
5109.0
5165.0
5222.0
5279.0
5337.0
5396.0
5445.0
5495.0
5544.0
5594.0
5644.0
5693.0
5738.0
5794.0
5854.0
5915.0
5979.0
5974.0
5970.0
5989.0
6019.0
6050.0
6081.0
6137.0
6194.0
6254.0
6320.0
6388.0
6456.0
6526.0
6596.0
6666.0
6737.0
6808.0
6880.0
6953.0
7026.0
7101.0
7176.0
7251.0
7327.0
7403.0
7479.0
7555.0
7631.0
7708.0
7785.0
7499.0
7286.0
7167.0
7053.0
6942.0
6833.0
6726.0
6795.0
6864.0
6933.0
7003.0
7073.0
7143.0
7213.0
7283.0
7353.0
7424.0
7495.0
7567.0
7639.0
7711.0
7784.0
7857.0
7930.0
8003.0
8076.0
8149.0
8222.0
8295.0
8368.0
8441.0
8515.0
8589.0
8664.0
8740.0
8816.0
8893.0
8970.0
9048.0
8761.0
8486.0
8209.0
7933.0
7667.0
7627.0
7530.0
7517.0
7475.0
7434.0
7479.0
7525.0
7571.0
7617.0
7663.0
7709.0
7756.0
7803.0
7851.0
7899.0
7947.0
7996.0
8045.0
8094.0
8143.0
8193.0
8244.0
8295.0
8348.0
8401.0
8455.0
8511.0
8567.0
8624.0
8674.0
8729.0
8784.0
8839.0
8882.0
8925.0
8977.0
9029.0
9082.0
9136.0
9190.0
9244.0
9299.0
9355.0
9411.0
9468.0
9525.0
9584.0
9644.0
9704.0
9765.0
9827.0
9889.0
9951.0
10015.0
10080.0
10078.0
10085.0
10097.0
10113.0
10130.0
10149.0
10177.0
10241.0
10306.0
10371.0
10436.0
10503.0
10570.0
10637.0
10704.0
10773.0
10844.0
10918.0
10992.0
11067.0
11142.0
11217.0
11292.0
11369.0
11447.0
11526.0
11304.0
11082.0
10860.0
10640.0
10419.0
10199.0
9979.0
9760.0
9542.0
9323.0
9105.0
8888.0
8376.0
7862.0
7350.0
7132.0
6618.0
6094.0
5579.0
5076.0
5143.0
4921.0
4703.0
4485.0
4556.0
4337.0
4120.0
3902.0
3685.0
3757.0
3250.0
3320.0
3390.0
3460.0
3530.0
3600.0
3670.0
3740.0
3810.0
3880.0
3950.0
4020.0
4090.0
4160.0
4190.0
4220.0
4249.0
4278.0
4307.0
4335.0
4362.0
4425.0
4451.0
4477.0
4504.0
4449.0
4442.0
4467.0
4529.0
4592.0
4658.0
4725.0
4790.0
4858.0
4926.0
4995.0
5065.0
5135.0
5207.0
5280.0
5353.0
5427.0
5504.0
5581.0
5659.0
5738.0
5818.0
5899.0
5982.0
6065.0
6149.0
6234.0
6319.0
6404.0
6490.0
6576.0
6663.0
6751.0
6656.0
6563.0
6470.0
6377.0
6294.0
6223.0
6153.0
6236.0
6319.0
6403.0
6488.0
6573.0
6659.0
6746.0
6834.0
6922.0
7011.0
7100.0
7189.0
7278.0
7367.0
7456.0
7545.0
7634.0
7705.0
7776.0
7846.0
7916.0
7985.0
8053.0
8121.0
8204.0
8287.0
8371.0
8455.0
8540.0
8625.0
8711.0
8798.0
8735.0
8671.0
8608.0
8544.0
8478.0
8411.0
8414.0
8344.0
8347.0
8280.0
8215.0
8147.0
8080.0
8080.0
8009.0
7937.0
7868.0
7800.0
7796.0
7791.0
7786.0
7839.0
7892.0
7945.0
7998.0
8051.0
8104.0
8157.0
8210.0
8264.0
8318.0
8373.0
8428.0
8484.0
8540.0
8597.0
8654.0
8712.0
8770.0
8829.0
8888.0
8948.0
9009.0
9071.0
9133.0
9196.0
8958.0
8730.0
8561.0
8417.0
8317.0
8375.0
8413.0
8433.0
8488.0
8503.0
8557.0
8612.0
8668.0
8724.0
8540.0
8359.0
8182.0
8029.0
7888.0
7941.0
7995.0
8052.0
8111.0
8171.0
8234.0
8299.0
8361.0
8422.0
8487.0
8551.0
8618.0
8688.0
7586.0
6493.0
5420.0
4350.0
3294.0
2935.0
2361.0
1799.0
1254.0
1291.0
1330.0
1370.0
1411.0
1453.0
1495.0
1539.0
1585.0
1631.0
1678.0
1727.0
1776.0
1825.0
1874.0
1923.0
1973.0
2024.0
2075.0
2126.0
2177.0
2228.0
2279.0
2330.0
2373.0
2413.0
2462.0
2511.0
2561.0
2611.0
2661.0
2711.0
2761.0
2811.0
2861.0
2911.0
2961.0
3011.0
3061.0
3111.0
3161.0
3211.0
3261.0
3311.0
3361.0
3411.0
3461.0
3511.0
3561.0
3611.0
3638.0
3687.0
3736.0
3785.0
3834.0
3883.0
3932.0
3981.0
4030.0
4079.0
4128.0
4177.0
4226.0
4275.0
4324.0
4373.0
4422.0
4471.0
4520.0
4569.0
4618.0
4667.0
4716.0
4765.0
4814.0
4863.0
4912.0
4961.0
5010.0
4814.0
4620.0
4428.0
4261.0
4093.0
4026.0
3855.0
3789.0
3616.0
3442.0
3368.0
3192.0
3017.0
2863.0
2799.0
2644.0
2488.0
2419.0
2262.0
2105.0
2122.0
2139.0
2156.0
2173.0
2190.0
2207.0
2224.0
2242.0
2261.0
2281.0
2302.0
2323.0
2345.0
2116.0
1888.0
1786.0
1683.0
1583.0
1606.0
1629.0
1656.0
1684.0
1714.0
1746.0
1780.0
1815.0
1851.0
1887.0
1925.0
1965.0
2005.0
1999.0
1994.0
1992.0
1992.0
1993.0
1993.0
1995.0
2014.0
2031.0
2031.0
2029.0
2030.0
2033.0
2036.0
2056.0
2062.0
2079.0
2091.0
2118.0
2146.0
2176.0
2206.0
2238.0
2273.0
2308.0
2333.0
2359.0
2387.0
2415.0
2446.0
2476.0
2517.0
2549.0
2399.0
2313.0
2253.0
2196.0
2190.0
2182.0
2212.0
2242.0
2272.0
2303.0
2335.0
2367.0
2400.0
2433.0
2467.0
2501.0
2536.0
2571.0
2606.0
2641.0
2676.0
2711.0
2746.0
2781.0
2816.0
2851.0
2887.0
2923.0
2959.0
2995.0
3031.0
3067.0
3103.0
3052.0
3002.0
2952.0
2902.0
2850.0
2795.0
2789.0
2765.0
2708.0
2651.0
2292.0
1932.0
1579.0
1291.0
1002.0
713.0
425.0
432.0
440.0
448.0
457.0
467.0
478.0
490.0
503.0
517.0
533.0
549.0
566.0
584.0
602.0
620.0
638.0
656.0
674.0
674.0
682.0
697.0
712.0
727.0
743.0
759.0
776.0
793.0
810.0
827.0
844.0
861.0
878.0
895.0
912.0
929.0
946.0
963.0
980.0
997.0
1014.0
1031.0
1048.0
1066.0
1084.0
1102.0
1120.0
1138.0
1156.0
1174.0
1192.0
1210.0
1228.0
1247.0
1266.0
1285.0
1304.0
1323.0
1342.0
1361.0
1380.0
1399.0
1418.0
1437.0
1456.0
1475.0
1494.0
1513.0
1533.0
1553.0
1573.0
1437.0
1301.0
1164.0
1027.0
889.0
904.0
919.0
934.0
949.0
964.0
979.0
994.0
1009.0
1024.0
1040.0
1056.0
1073.0
1090.0
1108.0
1128.0
1148.0
1169.0
1191.0
1213.0
1235.0
1257.0
1279.0
1302.0
1325.0
1348.0
1371.0
1394.0
1417.0
1440.0
1464.0
1488.0
1512.0
1267.0
1288.0
1309.0
1330.0
1352.0
1374.0
1397.0
1419.0
1443.0
1467.0
1488.0
1511.0
1535.0
1559.0
1545.0
1531.0
1517.0
1502.0
1487.0
1506.0
1525.0
1544.0
1563.0
1582.0
1601.0
1620.0
1639.0
1658.0
1677.0
1697.0
1717.0
1738.0
1419.0
1315.0
1234.0
1210.0
1224.0
1238.0
1252.0
1266.0
1280.0
1294.0
1308.0
1322.0
1336.0
1350.0
1364.0
1378.0
1392.0
1406.0
1420.0
1434.0
1448.0
1462.0
1476.0
1490.0
1504.0
1518.0
1532.0
1546.0
1560.0
1574.0
1588.0
1602.0
1616.0
1456.0
1296.0
1136.0
976.0
816.0
826.0
665.0
503.0
511.0
519.0
527.0
535.0
543.0
551.0
559.0
567.0
575.0
583.0
591.0
599.0
607.0
615.0
623.0
631.0
639.0
647.0
655.0
663.0
671.0
679.0
688.0
697.0
706.0
716.0
727.0
738.0
750.0
762.0
774.0
472.0
284.0
289.0
295.0
301.0
307.0
313.0
319.0
326.0
334.0
342.0
350.0
358.0
367.0
376.0
385.0
395.0
405.0
415.0
425.0
435.0
445.0
456.0
467.0
478.0
489.0
500.0
511.0
522.0
533.0
544.0
555.0
566.0
468.0
370.0
271.0
206.0
213.0
220.0
227.0
234.0
241.0
248.0
255.0
262.0
269.0
277.0
286.0
295.0
304.0
314.0
318.0
327.0
336.0
345.0
354.0
363.0
372.0
381.0
390.0
399.0
408.0
417.0
426.0
435.0
444.0
453.0
462.0
471.0
480.0
489.0
498.0
507.0
516.0
525.0
534.0
543.0
552.0
561.0
570.0
579.0
588.0
597.0
606.0
521.0
437.0
365.0
292.0
221.0
151.0
154.0
87.0
89.0
91.0
93.0
95.0
97.0
99.0
101.0
103.0
105.0
107.0
109.0
111.0
113.0
115.0
118.0
121.0
125.0
130.0
135.0
140.0
145.0
150.0
155.0
160.0
165.0
170.0
175.0
180.0
185.0
190.0
195.0
200.0
205.0
211.0
217.0
224.0
231.0
238.0
245.0
252.0
259.0
266.0
273.0
280.0
287.0
294.0
301.0
308.0
315.0
322.0
329.0
336.0
343.0
351.0
359.0
367.0
376.0
385.0
291.0
199.0
161.0
123.0
84.0
90.0
96.0
102.0
109.0
116.0
123.0
130.0
138.0
147.0
156.0
167.0
178.0
190.0
183.0
186.0
197.0
208.0
219.0
230.0
241.0
252.0
263.0
274.0
285.0
296.0
307.0
318.0
329.0
340.0
351.0
362.0
373.0
384.0
395.0
406.0
417.0
428.0
439.0
450.0
461.0
472.0
483.0
494.0
505.0
516.0
527.0
538.0
549.0
560.0
571.0
582.0
593.0
604.0
615.0
626.0
637.0
648.0
659.0
670.0
681.0
693.0
706.0
719.0
732.0
745.0
758.0
771.0
784.0
797.0
810.0
823.0
836.0
849.0
862.0
875.0
889.0
903.0
917.0
931.0
945.0
960.0
975.0
991.0
1007.0
1023.0
1039.0
1055.0
1072.0
1090.0
1108.0
1127.0
1146.0
1165.0
1184.0
1203.0
1222.0
1241.0
1260.0
1279.0
1298.0
1057.0
991.0
955.0
929.0
925.0
935.0
945.0
955.0
965.0
975.0
985.0
995.0
1005.0
1015.0
1025.0
1035.0
1045.0
1055.0
1065.0
1075.0
1085.0
1095.0
1105.0
1115.0
1125.0
1135.0
1145.0
1155.0
1165.0
1175.0
1185.0
1195.0
1205.0
1091.0
977.0
937.0
944.0
951.0
958.0
965.0
972.0
979.0
986.0
993.0
1000.0
1007.0
1014.0
1021.0
1028.0
1035.0
1042.0
888.0
735.0
583.0
436.0
292.0
148.0
7.0
10.0
13.0
16.0
19.0
22.0
25.0
29.0
33.0
37.0
41.0
45.0
50.0
55.0
60.0
65.0
71.0
78.0
85.0
93.0
101.0
109.0
119.0
129.0
140.0
151.0
163.0
175.0
188.0
201.0
215.0
229.0
245.0
260.0
274.0
289.0
304.0
320.0
336.0
352.0
368.0
384.0
401.0
418.0
435.0
452.0
469.0
487.0
505.0
523.0
541.0
559.0
577.0
595.0
613.0
631.0
649.0
667.0
685.0
703.0
721.0
739.0
757.0
775.0
793.0
811.0
690.0
578.0
483.0
396.0
318.0
326.0
334.0
342.0
350.0
358.0
366.0
374.0
382.0
390.0
398.0
406.0
414.0
422.0
430.0
438.0
446.0
454.0
462.0
470.0
478.0
486.0
494.0
502.0
510.0
518.0
526.0
534.0
542.0
550.0
558.0
566.0
574.0
582.0
590.0
598.0
606.0
614.0
622.0
630.0
638.0
646.0
654.0
662.0
670.0
678.0
686.0
694.0
702.0
710.0
718.0
726.0
734.0
742.0
750.0
758.0
766.0
774.0
782.0
790.0
798.0
806.0
705.0
604.0
503.0
402.0
306.0
213.0
123.0
124.0
125.0
126.0
127.0
128.0
129.0
130.0
131.0
132.0
133.0
134.0
135.0
136.0
137.0
138.0
139.0
140.0
141.0
142.0
143.0
144.0
145.0
146.0
148.0
150.0
153.0
156.0
160.0
164.0
169.0
175.0
181.0
32.0
38.0
44.0
51.0
58.0
65.0
73.0
81.0
89.0
97.0
106.0
115.0
124.0
134.0
144.0
154.0
165.0
176.0
188.0
201.0
214.0
227.0
240.0
253.0
266.0
279.0
292.0
305.0
318.0
331.0
266.0
205.0
146.0
94.0
52.0
35.0
0.0
0.0
0.0
1.0
2.0
3.0
4.0
5.0
6.0
7.0
8.0
9.0
10.0
11.0
12.0
13.0
14.0
15.0
16.0
17.0
18.0
19.0
20.0
21.0
23.0
25.0
28.0
31.0
36.0
41.0
46.0
52.0
59.0
35.0
41.0
48.0
55.0
62.0
69.0
76.0
84.0
93.0
102.0
111.0
121.0
131.0
141.0
151.0
161.0
172.0
184.0
196.0
208.0
221.0
234.0
247.0
260.0
273.0
286.0
299.0
312.0
325.0
338.0
351.0
364.0
377.0
306.0
237.0
174.0
113.0
66.0
19.0
0.0
0.0
0.0
0.0
0.0
0.0
0.0
0.0
0.0
0.0
0.0
0.0
0.0
0.0
0.0
0.0
0.0
0.0
0.0
0.0
0.0
0.0
0.0
0.0
1.0
2.0
4.0
6.0
9.0
12.0
16.0
20.0
24.0
28.0
33.0
38.0
43.0
49.0
55.0
61.0
68.0
75.0
82.0
90.0
98.0
106.0
115.0
124.0
133.0
142.0
151.0
110.0
71.0
50.0
36.0
23.0
25.0
12.0
0.0
0.0
0.0
0.0
0.0
0.0
0.0
0.0
0.0
0.0
0.0
0.0
0.0
0.0
0.0
0.0
0.0
0.0
0.0
0.0
0.0
0.0
0.0
0.0
0.0
0.0
0.0
0.0
0.0
0.0
0.0
0.0
0.0
0.0
0.0
0.0
0.0
0.0
0.0
0.0
0.0
0.0
0.0
0.0
0.0
0.0
0.0
0.0
0.0
0.0
0.0
0.0
0.0
0.0
0.0
0.0
0.0
0.0
0.0
0.0
0.0
0.0
0.0
0.0
0.0
0.0
0.0
0.0
0.0
0.0
0.0
0.0
0.0
0.0
0.0
0.0
0.0
0.0
0.0
0.0
0.0
0.0
0.0
0.0
0.0
0.0
0.0
0.0
0.0
0.0
0.0
0.0
0.0
0.0
0.0
0.0
0.0
0.0
0.0
0.0
0.0
0.0
0.0
0.0
0.0
0.0
0.0
0.0
0.0
0.0
0.0
0.0
0.0
0.0
0.0
0.0
0.0
0.0
0.0
0.0
0.0
0.0
0.0
0.0
0.0
