0
0
0.0
7.0
33.0
72.0
136.0
199.0
111.0
179.0
257.0
202.0
105.0
202.0
294.0
417.0
540.0
354.0
227.0
210.0
144.0
114.0
105.0
120.0
200.0
70.0
149.0
218.0
297.0
334.0
381.0
478.0
396.0
336.0
367.0
393.0
465.0
521.0
564.0
32.0
310.0
485.0
190.0
263.0
262.0
206.0
145.0
98.0
130.0
260.0
130.0
22.0
60.0
63.0
33.0
186.0
228.0
299.0
316.0
40.0
80.0
120.0
1.0
17.0
74.0
135.0
47.0
90.0
289.0
262.0
229.0
309.0
430.0
423.0
489.0
552.0
290.0
311.0
389.0
120.0
53.0
113.0
108.0
155.0
116.0
59.0
140.0
248.0
351.0
496.0
51.0
62.0
106.0
109.0
97.0
117.0
51.0
49.0
59.0
76.0
22.0
139.0
141.0
200.0
271.0
242.0
182.0
245.0
308.0
557.0
313.0
329.0
478.0
451.0
447.0
479.0
521.0
622.0
455.0
431.0
123.0
299.0
401.0
224.0
283.0
363.0
378.0
220.0
272.0
385.0
396.0
408.0
617.0
747.0
161.0
242.0
194.0
175.0
283.0
498.0
553.0
302.0
333.0
390.0
391.0
239.0
325.0
161.0
241.0
378.0
106.0
96.0
159.0
181.0
186.0
208.0
296.0
196.0
50.0
164.0
223.0
215.0
258.0
331.0
430.0
540.0
489.0
746.0
549.0
512.0
665.0
690.0
612.0
161.0
137.0
279.0
215.0
206.0
266.0
265.0
400.0
637.0
592.0
664.0
640.0
712.0
828.0
306.0
180.0
157.0
183.0
223.0
282.0
347.0
337.0
328.0
451.0
615.0
553.0
164.0
