0.0
0.0
0.0
2416.040624245965
6923.817253157551
2172.9683475141346
11565.16063028054
13621.305545135696
16345.486021586894
12501.319704996458
20911.477225127455
9655.544870462734
22705.782082432288
17702.32489201843
15167.438370580338
8612.361068591616
13796.357597756996
3058.164386538293
9585.16261243747
15044.976071426474
8188.165001043801
9841.973348890173
15660.920893288607
9157.819429537169
5135.837514193923
2502.4162931128935
6109.8095885323455
3006.728133490885
9327.753946807125
10152.000925030286
10527.273066178055
16336.180629002854
11535.546677384598
10083.764077122345
6781.569344975451
9224.343619664045
6333.813471001238
14809.232412861467
10440.298231373486
15016.131854586687
8956.004853799812
8567.612879179898
13661.558915609396
13969.549479734636
14920.84888948533
15567.526284832013
15756.152360736236
19545.189707227342
18341.648188332096
23831.22820869588
20651.27830443948
16874.122851919827
21628.802124645525
15381.12061891167
17180.79486648755
11717.149717295204
17572.955699377613
4301.3974089136855
5283.2591808885745
5997.751289691855
4613.093833516262
5526.782407859925
5968.245865232827
5619.976521828509
5621.108502931339
10300.928353101193
2624.722222222222
2624.722222222222
5249.444444444444
5249.444444444444
5249.444444444444
5249.444444444444
5378.450930277256
5252.310614734213
2810.327250828897
5572.595522220065
5773.524972429637
2624.722222222222
2624.722222222222
2624.722222222222
2624.722222222222
2624.722222222222
2624.722222222222
2624.722222222222
2624.722222222222
2624.722222222222
2624.722222222222
2732.716855049526
0.0
0.0
0.0
0.0
0.0
0.0
0.0
0.0
0.0
0.0
0.0
0.0
0.0
0.0
0.0
0.0
0.0
0.0
0.0
0.0
0.0
0.0
0.0
0.0
0.0
