0.0
0.0
0.0
1.0385663495340438
2.9763040389489923
0.9340884851069915
4.971387993915555
5.855250941617203
7.026272137807288
5.373823498819032
8.988995618371877
4.150525379829206
9.760270136951501
7.609499549373845
6.519881666822745
3.7020842365060647
5.930486519102913
1.3145821933854793
4.120272207681731
6.467196806896759
3.5197370224512796
4.230622873061731
6.731957474989516
3.9365401180297743
2.2077017653865383
1.0756944162548185
2.6263621503284815
1.2924716615178269
4.00971661440673
4.364014610258857
4.5253588243697545
7.0223377836688075
4.958756085869858
4.334670702494612
2.915190723182888
3.965246109464055
2.7227203505840123
6.365951578934188
4.487934122162182
6.4548902296930075
3.8498174930533158
3.6828626535673683
5.872528929181
6.004910900134672
6.413818681265808
6.691786182556071
6.7728621337840025
8.401629510513867
7.8842839800721825
10.243962927943086
8.877064898387603
7.253424220270659
9.29724537780716
6.611655974580503
7.3852405283270235
5.03666743520057
7.553808720457692
1.8489848881560984
2.271034828979627
2.578156606672165
1.9829639888612818
2.3757105881201
2.565472389557113
2.4157694287287153
2.416256042914595
4.42796762869412
1.1283318358790055
1.1283318358790055
2.256663671758011
2.256663671758011
2.256663671758011
2.256663671758011
2.3121098086374596
2.2578920034719303
1.208103463797818
2.395552941371795
2.48191589496063
1.1283318358790055
1.1283318358790055
1.1283318358790055
1.1283318358790055
1.1283318358790055
1.1283318358790055
1.1283318358790055
1.1283318358790055
1.1283318358790055
1.1283318358790055
1.17474646039513
0.0
0.0
0.0
0.0
0.0
0.0
0.0
0.0
0.0
0.0
0.0
0.0
0.0
0.0
0.0
0.0
0.0
0.0
0.0
0.0
0.0
0.0
0.0
0.0
0.0
