27.4656
25.7456
26.3688
20.2744
23.813
24.8034
40.4392
31.8298
25.7742
26.5626
23.2884
20.65
29.6812
36.2656
24.084
30.6074
26.6214
28.6732
23.481
19.0992
33.3062
23.9522
26.0692
31.3726
27.4758
22.1318
19.4918
20.341
21.919
19.9508
23.5626
29.5416
29.1706
35.9392
34.3274
40.4108
31.113
31.7596
20.8746
21.8866
26.77
28.3566
28.8898
21.589
23.0884
22.174
35.2828
26.803
25.887
20.841
18.7944
18.4392
26.0746
26.1068
24.5458
17.5276
36.0826
17.803
24.4474
16.9902
34.6568
22.267
19.7624
18.2294
24.5628
23.2524
21.8338
17.9954
19.8784
17.8686
24.5648
27.8272
23.1882
19.7458
14.777
30.966
26.3712
19.6492
15.8222
23.1676
31.0674
21.4484
22.4764
33.0536
19.8428
26.2642
37.6372
25.2542
24.7524
33.588
16.0922
23.1624
12.7282
37.2202
24.276
21.2682
22.5088
21.5408
33.8846
27.4834
25.0944
25.5822
17.7676
21.9048
21.234
26.2972
18.9306
21.2506
17.9636
28.4174
15.3166
25.1838
24.5184
18.3068
28.0608
24.7672
26.2712
28.4118
21.8466
18.3686
17.4452
19.6948
16.5962
33.2846
28.7344
15.4748
27.348
26.063
28.945
15.0874
16.1004
28.7292
20.2112
19.8928
15.708
17.03
18.4806
21.0232
19.5754
16.857
22.4442
16.5486
13.9478
17.7244
17.7888
19.7724
21.9022
25.6816
21.4296
29.9416
12.9118
19.8246
19.3748
21.5548
29.2156
15.503
16.694
18.8748
16.928
15.3598
24.457
16.0552
18.012
18.3708
19.564
16.7334
16.6646
26.4724
19.923
22.4112
15.303
15.2098
18.1666
26.5762
21.3582
25.346
16.7916
19.1154
22.742
16.5456
18.7208
22.4326
16.045
26.0016
17.7284
20.7824
16.1064
18.4212
17.5052
18.303
16.4194
18.7532
17.2922
17.7636
13.5212
14.4014
19.9426
20.2402
17.9724
12.6518
14.8198
20.2032
15.6288
15.601
19.231
17.2284
20.3994
21.912
18.7602
15.3252
15.2704
16.807
17.8492
15.079
16.015
15.0456
15.0384
13.385
14.2832
18.206
15.0738
16.5192
16.9482
19.728
22.6182
23.4344
17.7094
12.9948
13.7364
17.7578
18.7382
15.7192
14.4874
14.0252
12.7112
13.4406
19.6714
14.3494
15.6906
18.9912
21.6806
15.76
15.0604
13.823
20.3838
17.0434
14.1122
17.9614
16.1168
13.0456
12.1706
14.3228
12.1694
15.8126
15.2522
16.3864
16.2296
13.7266
14.2826
12.6926
16.2446
13.1826
12.6146
12.8282
13.5616
15.3754
15.0644
15.0946
13.4142
15.5868
18.4518
16.582
17.9786
15.9388
12.251
15.848
16.3306
11.2026
13.491
14.7658
13.167
13.5922
14.76
12.2846
22.1728
13.9902
16.9094
11.5538
12.954
15.762
13.8854
15.9944
17.6266
14.5672
12.7622
17.0612
15.3906
13.0782
16.0448
13.5446
12.608
12.8042
13.0046
13.9632
14.2498
14.8478
18.573
12.5514
12.834
11.5464
14.3364
12.652
14.9104
13.1984
15.2438
17.131
14.6556
18.6144
12.274
15.206
15.341
12.707
11.3946
15.2864
13.9406
12.8798
14.6872
15.7894
12.603
17.1176
13.8212
13.367
13.0114
12.9414
16.6448
14.1058
10.3298
12.2548
13.5238
13.2978
13.7384
13.5316
18.0166
15.7608
13.2734
17.8692
13.5026
16.0646
11.4698
13.7714
16.4582
14.428
15.6342
11.9876
18.417
11.8836
15.46
11.9032
11.767
11.8196
14.4752
11.814
14.2252
13.8722
16.8752
12.3958
11.645
12.6668
12.1408
17.3532
11.2596
15.9006
12.7314
12.4718
11.2004
9.9804
12.6952
17.221
13.6328
15.7718
11.282
10.1448
10.1912
10.3852
18.0282
12.5426
11.2504
11.592
12.1266
12.0972
11.7622
11.2472
12.0582
11.8468
16.5024
15.476
13.1596
14.8358
15.8826
11.5948
12.8528
11.0612
13.9224
12.1242
16.9912
13.5182
9.7906
13.5116
11.2224
11.076
13.6838
13.7654
13.5222
13.8112
12.7496
13.0154
12.1982
10.4102
13.4558
17.9552
11.8994
12.5212
12.8952
13.6744
12.0146
12.3904
10.593
12.8676
12.2078
17.902
15.0416
17.3168
10.3428
14.6014
10.674
12.4706
10.7064
15.057
12.2284
11.0316
14.6404
11.1392
11.6086
12.6446
11.3634
12.4594
11.5098
11.6414
12.1328
12.2646
