132969
136289
98888
120350
141474
136427
201629
120068
110383
155132
121390
116211
133659
154645
104682
123068
146538
165392
124878
104551
163963
115011
197983
160987
172478
129580
111400
92716
138799
71684
113594
154626
147358
186287
173338
242831
162792
174004
95052
145108
115571
108972
155887
107820
110736
106837
176951
105309
125450
108935
63689
82614
138489
159037
155795
112512
160071
110533
127971
135363
188796
110028
90272
79240
120412
102298
109002
107333
85226
102297
140458
146802
105076
99869
108594
155580
119925
91032
87553
144076
180785
135229
94767
179261
86536
135563
149501
130601
166143
128339
101894
99901
60806
204510
129455
93933
105550
112852
158183
125229
118171
129151
73557
124301
101409
108127
100885
128155
73190
180689
97123
102748
118417
98025
147799
110350
138423
164620
90696
95937
68729
81551
114466
135152
105981
46893
130237
148640
120309
90848
101278
124322
90075
58180
59497
89235
64162
86343
76094
68694
123415
65094
65970
92356
75777
89889
92872
136768
101955
135197
55429
97575
66989
95111
135671
71605
84446
104930
81095
94305
140430
78113
63471
73139
59141
59374
90479
148325
95559
77085
86648
79113
91710
142511
125117
123343
60931
116978
132353
54377
107614
121997
68343
111388
94548
76462
91153
114482
77428
84220
63886
61302
54759
74697
97629
62899
84183
115790
83577
78168
59401
120851
72065
56140
93691
81423
111434
117712
55484
99542
74716
69248
73174
78306
75475
63276
115956
49650
48782
98068
76676
69105
56817
80419
92154
105968
116303
66727
68718
88993
73365
69721
70287
40618
67656
68472
142701
49573
46269
108084
131926
71380
71003
73244
101917
86694
51736
74571
67998
53144
72594
67243
52154
48101
62455
85700
98517
60319
54107
56803
46329
56171
52210
67196
54351
56969
47686
76527
66919
54977
150116
112697
138619
51504
56934
53664
107704
45575
46606
57606
99509
55553
86635
54029
136150
54359
116026
62714
46809
72569
79915
82528
77912
53732
59611
64833
46837
60234
59197
62968
35759
63689
55029
63601
56389
105588
130328
89334
73000
56219
100794
61356
91108
77110
58780
103880
82567
97672
49183
63699
78522
40446
46550
96826
45223
75015
56367
48538
50387
126013
70976
39904
56245
58276
78994
55979
56908
54651
62042
38247
68531
68164
101727
176170
50572
84227
48528
73186
50102
54662
64439
70585
101767
42730
102864
29045
55885
44923
44249
45981
58467
57005
43491
83451
90247
39081
61218
57884
115116
103018
42107
45257
44732
45086
45330
40262
63335
121079
45053
107571
39408
48301
52304
63168
71792
32737
55578
65874
38685
42533
42944
77946
50061
47017
93299
111702
45485
72210
92901
53723
43861
58865
44450
74443
136311
41380
37545
41728
49312
62650
93350
70314
37987
69278
38820
40473
42369
34309
45818
95952
82225
44850
104978
49332
47326
49197
99219
39976
32629
88263
90083
98592
38671
137246
35990
42265
50129
103971
31603
50559
38987
101610
39407
95607
39744
42122
53992
61813
47959
32173
