137328
128728
131844
101372
119065
124017
202196
159149
128871
132813
116442
103250
148406
181328
120420
153037
133107
143366
117405
95496
166531
119761
130346
156863
137379
110659
97459
101705
109595
99754
117813
147708
145853
179696
171637
202054
155565
158798
104373
109433
133850
141783
144449
107945
115442
110870
176414
134015
129435
104205
93972
92196
130373
130534
122729
87638
180413
89015
122237
84951
173284
111335
98812
91147
122814
116262
109169
89977
99392
89343
122824
139136
115941
98729
73885
154830
131856
98246
79111
115838
155337
107242
112382
165268
99214
131321
188186
126271
123762
167940
80461
115812
63641
186101
121380
106341
112544
107704
169423
137417
125472
127911
88838
109524
106170
131486
94653
106253
89818
142087
76583
125919
122592
91534
140304
123836
131356
142059
109233
91843
87226
98474
82981
166423
143672
77374
136740
130315
144725
75437
80502
143646
101056
99464
78540
85150
92403
105116
97877
84285
112221
82743
69739
88622
88944
98862
109511
128408
107148
149708
64559
99123
96874
107774
146078
77515
83470
94374
84640
76799
122285
80276
90060
91854
97820
83667
83323
132362
99615
112056
76515
76049
90833
132881
106791
126730
83958
95577
113710
82728
93604
112163
80225
130008
88642
103912
80532
92106
87526
91515
82097
93766
86461
88818
67606
72007
99713
101201
89862
63259
74099
101016
78144
78005
96155
86142
101997
109560
93801
76626
76352
84035
89246
75395
80075
75228
75192
66925
71416
91030
75369
82596
84741
98640
113091
117172
88547
64974
68682
88789
93691
78596
72437
70126
63556
67203
98357
71747
78453
94956
108403
78800
75302
69115
101919
85217
70561
89807
80584
65228
60853
71614
60847
79063
76261
81932
81148
68633
71413
63463
81223
65913
63073
64141
67808
76877
75322
75473
67071
77934
92259
82910
89893
79694
61255
79240
81653
56013
67455
73829
65835
67961
73800
61423
110864
69951
84547
57769
64770
78810
69427
79972
88133
72836
63811
85306
76953
65391
80224
67723
63040
64021
65023
69816
71249
74239
92865
62757
64170
57732
71682
63260
74552
65992
76219
85655
73278
93072
61370
76030
76705
63535
56973
76432
69703
64399
73436
78947
63015
85588
69106
66835
65057
64707
83224
70529
51649
61274
67619
66489
68692
67658
90083
78804
66367
89346
67513
80323
57349
68857
82291
72140
78171
59938
92085
59418
77300
59516
58835
59098
72376
59070
71126
69361
84376
61979
58225
63334
60704
86766
56298
79503
63657
62359
56002
49902
63476
86105
68164
78859
56410
50724
50956
51926
90141
62713
56252
57960
60633
60486
58811
56236
60291
59234
82512
77380
65798
74179
79413
57974
64264
55306
69612
60621
84956
67591
48953
67558
56112
55380
68419
68827
67611
69056
63748
65077
60991
52051
67279
89776
59497
62606
64476
68372
60073
61952
52965
64338
61039
89510
75208
86584
51714
73007
53370
62353
53532
75285
61142
55158
73202
55696
58043
63223
56817
62297
57549
58207
60664
61323
