431532
313251
444612
390385
472207
368612
428994
365225
294114
413688
514175
422931
379961
366861
374222
409125
349890
362164
349547
400987
444766
309095
429305
424911
307721
359699
404396
286041
363285
318988
319570
308263
428921
423793
295905
413218
332855
280737
334114
340641
363686
284989
417293
348841
398571
392733
350225
278303
319385
344897
289370
294334
263855
296570
348698
319848
328572
261305
259218
317553
312520
285943
293358
295684
270633
305860
346104
410136
318253
340747
282710
268443
266606
311011
310848
340513
266908
311228
269032
292910
305099
259286
312494
310716
324631
259609
292640
263858
264426
272971
232700
312082
256841
318502
281944
235378
206111
226848
284903
239260
211727
272994
249841
222781
271057
296552
233218
182654
222780
254332
242066
275712
258124
226372
230211
244628
243767
279116
268651
262502
236447
248293
277541
225803
218366
204774
251344
221293
225188
209357
229100
226430
233210
209145
232857
187778
239550
261542
243387
205667
255687
214605
179712
222463
263651
260141
203887
256363
231942
286811
229868
190188
214987
205874
218089
194385
199241
225892
199161
208209
229148
202828
209560
204591
196807
229992
185419
210730
185484
205691
201025
211740
226573
185201
219171
201478
191315
198829
210517
186918
210233
232270
174246
216158
188330
239987
205448
170913
169157
207812
191538
217053
207968
211157
177744
186075
170326
197168
213527
170670
