-31134.0
-23943.0
-21875.0
-28997.0
-27492.0
-22272.0
-26182.0
-26684.0
-23485.0
-25380.0
-24473.0
-26314.0
-25922.0
-32704.0
-28499.0
-27393.0
-27651.0
-25262.0
-24556.0
-25550.0
-21385.0
-25333.0
-21952.0
-22628.0
-23291.0
-28813.0
-23283.0
-26661.0
-25609.0
-27955.0
-23789.0
-26474.0
-24242.0
-23261.0
-24999.0
-24178.0
-22761.0
-22942.0
-25874.0
-23649.0
-23405.0
-24943.0
-20758.0
-25937.0
-25846.0
-23810.0
-24456.0
-25029.0
-25287.0
-23409.0
-23952.0
-22059.0
-20584.0
-24472.0
-21358.0
-22263.0
-19958.0
-20512.0
-20102.0
-21498.0
-21016.0
-20162.0
-21856.0
-21508.0
-22894.0
-26272.0
-24381.0
-23802.0
-22760.0
-26456.0
-23005.0
-22183.0
-22477.0
-20111.0
-22372.0
-22018.0
-21902.0
-21032.0
-21134.0
-23030.0
-22099.0
-20615.0
-22416.0
-19762.0
-19799.0
-20698.0
-22543.0
-16920.0
-20609.0
-21901.0
-22344.0
-22758.0
-21934.0
-19506.0
-21545.0
-22002.0
-22388.0
-20532.0
-21977.0
-21916.0
-22405.0
-18189.0
-20785.0
-24129.0
-20092.0
-18968.0
-18443.0
-23169.0
-19421.0
-21373.0
-21435.0
-20679.0
-17581.0
-19886.0
-19096.0
-22733.0
-22189.0
-19466.0
-23464.0
-21068.0
-19711.0
-19443.0
-20715.0
-23125.0
-18434.0
-18820.0
-22917.0
-17201.0
-18617.0
-18061.0
-20766.0
-20991.0
-19620.0
-18537.0
-18834.0
-18964.0
-22242.0
-17444.0
-20348.0
-17511.0
-19455.0
-17725.0
-20570.0
-20004.0
-17523.0
-18212.0
-21254.0
-18197.0
-17566.0
-19201.0
-18622.0
-19262.0
-20673.0
-20905.0
-19882.0
-21227.0
-19373.0
-20226.0
-19935.0
-17263.0
-17985.0
-19305.0
-19226.0
-19236.0
-17364.0
-17563.0
-19250.0
-16133.0
-18874.0
-17555.0
-19610.0
-20960.0
-17670.0
-18058.0
-16518.0
-18218.0
-17613.0
-22241.0
-17471.0
-20788.0
-18521.0
-17767.0
-15518.0
-17817.0
-17665.0
-21350.0
-17482.0
-21455.0
-17229.0
-17940.0
-17453.0
-18430.0
-17814.0
-16206.0
-16559.0
-18291.0
-16375.0
-19082.0
-17091.0
-17343.0
-16490.0
-16438.0
-17323.0
-15863.0
-16159.0
-16976.0
-15036.0
-18551.0
-16163.0
-14584.0
-15851.0
-16134.0
-14980.0
-15590.0
-14780.0
