153631
87118
97191
128252
131145
64544
76167
128069
90758
77796
90309
89299
100106
148248
134621
107270
89841
79757
85084
97535
74340
73370
90508
72456
77633
117603
64426
87803
88488
83803
78973
79023
79556
79291
106080
127406
64778
71988
91027
112095
74677
74045
62426
76654
76635
75794
86624
65808
85353
60754
100442
61753
59123
75239
116231
70563
81427
61607
71847
61290
81231
60381
63539
65629
62555
84394
65136
66396
66739
81716
70475
76077
61840
59584
70067
62601
67708
70189
56047
56812
89429
58750
56875
53829
58908
75099
77549
54572
73676
74289
58780
66544
61159
68206
68688
58713
58889
54216
94632
50649
61354
58121
60986
73513
49084
72188
47653
89875
53425
68372
54843
62920
48263
51895
65288
59979
67952
79979
64566
60118
53609
55566
53516
62715
56904
51848
79477
57062
65721
52893
63772
70440
67131
46941
48981
53477
50184
48648
55471
48230
58325
57999
47763
56269
46770
44820
53667
44045
48160
49487
46579
49839
49597
54299
53301
54843
54783
52767
51537
44526
64530
54042
46354
48843
50072
49535
48899
57848
49310
43736
51856
56663
47648
58968
41425
51461
44772
75421
56398
50676
54219
57248
37981
59740
52763
54332
49787
61904
44058
50288
45214
54743
49735
42940
41548
50598
40404
58674
47005
45693
46218
43881
45047
45854
55124
44622
49905
51605
46542
47406
41259
46329
38018
42726
42869
