155308
71219
101311
123097
123767
93093
53298
176478
90874
78792
88702
81106
108666
150046
113348
72689
60737
66238
63349
58500
93061
48641
85767
57995
63684
66867
47940
107054
51472
58880
58655
48510
58148
75774
102623
130000
46488
55074
90101
78573
69612
80212
53392
71250
88844
45440
100449
48366
53906
65395
93721
42318
47417
54669
122208
44171
81534
52038
51591
55459
71142
56910
53914
56652
66462
55635
70732
70814
46144
87724
53797
45538
32023
44907
34003
38756
44833
53038
48333
71230
81227
41850
51097
55224
51803
114721
54202
42243
54845
74470
58830
49529
32165
86597
40704
37612
44795
33136
73909
39451
58447
50626
42643
40577
33424
61612
35712
63091
41156
63413
42636
32441
38818
34562
53088
36866
34074
51432
38503
47059
36729
31653
45475
29734
42712
39566
58468
62616
56013
40096
34191
68981
49915
30114
32820
35103
33492
32365
35791
29143
65727
43874
34845
36381
25183
38101
57963
44073
28608
30380
27132
37438
32737
30730
27835
36811
36177
26847
30706
28712
51511
28257
45644
26545
26264
29653
23889
84727
37207
29402
32578
24079
44658
54935
39689
28893
22595
62285
42200
28088
38366
73273
27191
48967
31620
26885
28752
38232
32123
25098
32126
28461
26483
23016
23013
23422
27919
48796
23147
25815
22879
35839
23922
24533
29763
34201
58482
42765
23675
50270
21787
27057
23841
28176
22710
