0.0
0.0
0.0
0.0
0.0
0.0
0.0
0.0
0.0
0.0
0.0
0.0
0.0
0.0
0.0
0.0
0.0
0.0
0.0
0.0
0.0
0.0
0.0
0.0
0.0
0.0
0.0
0.0
0.0
0.0
0.0
1.0
2.0
3.0
4.0
5.0
7.0
9.0
11.0
13.0
15.0
17.0
19.0
21.0
24.0
28.0
30.0
33.0
36.0
40.0
45.0
51.0
58.0
65.0
69.0
75.0
81.0
87.0
95.0
103.0
111.0
120.0
129.0
139.0
150.0
161.0
172.0
183.0
194.0
206.0
219.0
232.0
245.0
258.0
271.0
284.0
297.0
310.0
324.0
338.0
352.0
367.0
383.0
400.0
417.0
435.0
451.0
471.0
492.0
515.0
407.0
332.0
336.0
346.0
363.0
381.0
399.0
417.0
435.0
454.0
474.0
495.0
517.0
539.0
561.0
583.0
606.0
629.0
653.0
677.0
701.0
725.0
750.0
776.0
802.0
828.0
854.0
881.0
909.0
935.0
962.0
989.0
1018.0
1047.0
1078.0
1111.0
1142.0
1176.0
1211.0
978.0
813.0
684.0
674.0
695.0
716.0
737.0
758.0
780.0
802.0
825.0
849.0
874.0
900.0
927.0
954.0
982.0
1010.0
1038.0
1066.0
1094.0
1123.0
1153.0
1185.0
1217.0
1249.0
1281.0
1313.0
1345.0
1378.0
1411.0
1446.0
1482.0
1269.0
1071.0
900.0
787.0
702.0
636.0
579.0
568.0
536.0
531.0
530.0
551.0
578.0
606.0
636.0
667.0
698.0
731.0
764.0
799.0
836.0
874.0
912.0
950.0
988.0
1027.0
1067.0
1107.0
1148.0
1189.0
1231.0
1274.0
1317.0
1175.0
1051.0
964.0
903.0
895.0
896.0
914.0
939.0
970.0
1001.0
1033.0
1065.0
1099.0
1133.0
1168.0
1203.0
1238.0
1273.0
1308.0
1343.0
1379.0
1415.0
1451.0
1487.0
1523.0
1559.0
1595.0
1631.0
1667.0
1703.0
1739.0
1775.0
1812.0
1850.0
1888.0
1927.0
1968.0
2009.0
2050.0
1739.0
1469.0
1214.0
988.0
895.0
879.0
895.0
911.0
927.0
943.0
959.0
975.0
991.0
1007.0
1024.0
1041.0
1058.0
1075.0
1092.0
1109.0
1126.0
1143.0
1160.0
1177.0
1195.0
1213.0
1231.0
1249.0
1268.0
1288.0
1309.0
1331.0
1353.0
1197.0
1090.0
1073.0
1080.0
1094.0
1108.0
1122.0
1136.0
1150.0
1164.0
1178.0
1192.0
1206.0
1221.0
1236.0
1253.0
1272.0
1291.0
1311.0
1331.0
1351.0
1372.0
1393.0
1414.0
1435.0
1456.0
1478.0
1501.0
1525.0
1550.0
1575.0
1600.0
1625.0
1570.0
1529.0
1514.0
1520.0
1535.0
1551.0
1567.0
1584.0
1601.0
1618.0
1635.0
1652.0
1669.0
1686.0
1703.0
1720.0
1737.0
1754.0
1771.0
1788.0
1805.0
1822.0
1839.0
1857.0
1875.0
1894.0
1913.0
1932.0
1951.0
1970.0
1983.0
2002.0
2021.0
2030.0
2049.0
2068.0
2087.0
2106.0
2126.0
2146.0
2166.0
2186.0
2207.0
2228.0
2249.0
2270.0
2291.0
2312.0
2333.0
2354.0
2376.0
2399.0
2422.0
2445.0
2468.0
2492.0
2516.0
2541.0
2566.0
2591.0
2616.0
2641.0
2666.0
2691.0
2716.0
2741.0
2314.0
1908.0
1520.0
1179.0
984.0
1001.0
1018.0
1035.0
1052.0
1069.0
1087.0
1105.0
1124.0
1143.0
1162.0
1182.0
1203.0
1224.0
944.0
737.0
571.0
415.0
348.0
364.0
380.0
396.0
412.0
428.0
444.0
460.0
476.0
492.0
508.0
524.0
540.0
556.0
572.0
588.0
604.0
620.0
636.0
652.0
668.0
684.0
700.0
716.0
732.0
748.0
764.0
780.0
796.0
812.0
828.0
844.0
860.0
876.0
892.0
729.0
576.0
448.0
359.0
317.0
324.0
331.0
338.0
345.0
352.0
359.0
366.0
373.0
380.0
387.0
394.0
401.0
408.0
415.0
422.0
429.0
436.0
443.0
450.0
457.0
464.0
471.0
478.0
485.0
492.0
499.0
506.0
513.0
366.0
371.0
376.0
381.0
386.0
391.0
396.0
401.0
406.0
411.0
416.0
421.0
426.0
431.0
436.0
441.0
446.0
451.0
456.0
461.0
466.0
471.0
476.0
481.0
486.0
491.0
496.0
501.0
506.0
511.0
516.0
521.0
526.0
422.0
317.0
212.0
106.0
0.0
0.0
0.0
0.0
0.0
0.0
0.0
