0.0
0.0
0.0
0.0
0.0
0.0
0.0
0.0
0.0
0.0
0.0
0.0
0.0
0.0
0.0
0.0
0.0
0.0
0.0
0.0
0.0
0.0
0.0
0.0
0.0
0.0
0.0
0.0
0.0
0.0
0.0
0.0
0.0
0.0
0.0
0.0
0.0
0.0
0.0
0.0
0.0
0.0
0.0
0.0
1.0
2.0
3.0
4.0
5.0
6.0
7.0
8.0
9.0
10.0
11.0
12.0
13.0
14.0
15.0
16.0
17.0
18.0
20.0
22.0
25.0
28.0
31.0
34.0
37.0
40.0
43.0
46.0
49.0
52.0
55.0
58.0
61.0
64.0
68.0
72.0
76.0
80.0
84.0
89.0
95.0
101.0
107.0
35.0
0.0
0.0
1.0
2.0
4.0
6.0
10.0
14.0
18.0
22.0
26.0
31.0
36.0
41.0
46.0
52.0
58.0
64.0
71.0
78.0
85.0
92.0
99.0
106.0
113.0
120.0
127.0
134.0
141.0
148.0
155.0
162.0
111.0
71.0
47.0
27.0
10.0
14.0
18.0
22.0
26.0
30.0
34.0
38.0
42.0
46.0
50.0
54.0
59.0
64.0
69.0
74.0
79.0
84.0
89.0
94.0
99.0
104.0
110.0
116.0
122.0
128.0
134.0
140.0
146.0
152.0
158.0
164.0
170.0
176.0
182.0
189.0
197.0
206.0
215.0
224.0
233.0
243.0
254.0
265.0
276.0
287.0
298.0
309.0
320.0
331.0
342.0
353.0
364.0
375.0
386.0
398.0
349.0
344.0
354.0
364.0
374.0
384.0
394.0
405.0
416.0
427.0
425.0
433.0
443.0
454.0
466.0
480.0
495.0
512.0
493.0
498.0
500.0
505.0
512.0
519.0
528.0
538.0
549.0
560.0
571.0
582.0
594.0
606.0
618.0
631.0
644.0
657.0
670.0
683.0
696.0
709.0
722.0
735.0
748.0
761.0
774.0
787.0
800.0
813.0
828.0
845.0
863.0
823.0
790.0
784.0
792.0
806.0
820.0
835.0
851.0
867.0
884.0
901.0
919.0
938.0
957.0
976.0
996.0
995.0
1013.0
799.0
688.0
576.0
594.0
613.0
632.0
651.0
671.0
691.0
711.0
731.0
751.0
771.0
791.0
811.0
832.0
853.0
874.0
757.0
657.0
586.0
580.0
574.0
586.0
599.0
612.0
625.0
638.0
651.0
664.0
677.0
690.0
703.0
716.0
729.0
742.0
755.0
768.0
781.0
794.0
807.0
820.0
834.0
848.0
862.0
876.0
890.0
906.0
922.0
940.0
959.0
914.0
874.0
840.0
849.0
865.0
881.0
897.0
913.0
929.0
945.0
961.0
977.0
993.0
1009.0
1026.0
1044.0
1062.0
1080.0
1043.0
1010.0
978.0
993.0
1008.0
1023.0
1038.0
1053.0
1068.0
1083.0
1098.0
1113.0
1128.0
1143.0
1158.0
1173.0
1188.0
1203.0
1117.0
1052.0
988.0
996.0
1004.0
1012.0
1020.0
1028.0
1036.0
1044.0
1052.0
1060.0
1068.0
1076.0
1084.0
1092.0
1100.0
1108.0
1116.0
1124.0
1132.0
1140.0
1148.0
1156.0
1164.0
1172.0
1180.0
1188.0
1196.0
1204.0
1212.0
1220.0
1228.0
885.0
577.0
268.0
58.0
59.0
60.0
61.0
62.0
63.0
64.0
65.0
66.0
67.0
68.0
69.0
70.0
71.0
72.0
73.0
74.0
75.0
76.0
77.0
78.0
79.0
80.0
81.0
82.0
83.0
84.0
85.0
87.0
89.0
4.0
6.0
9.0
12.0
16.0
20.0
24.0
28.0
32.0
36.0
40.0
44.0
48.0
52.0
56.0
60.0
64.0
68.0
36.0
18.0
0.0
0.0
0.0
0.0
0.0
0.0
0.0
0.0
0.0
0.0
0.0
0.0
0.0
0.0
0.0
0.0
0.0
0.0
0.0
0.0
0.0
0.0
0.0
0.0
0.0
0.0
0.0
0.0
0.0
0.0
0.0
0.0
0.0
0.0
0.0
0.0
0.0
0.0
0.0
0.0
0.0
0.0
0.0
0.0
1.0
2.0
3.0
4.0
5.0
6.0
7.0
8.0
9.0
10.0
11.0
12.0
13.0
14.0
15.0
16.0
17.0
18.0
19.0
20.0
0.0
0.0
0.0
0.0
0.0
0.0
0.0
0.0
0.0
0.0
0.0
0.0
0.0
0.0
