0
0
0
0
0
0
0
0
0
0
0
0
0
0
0
0
0
0
0
0
0
0
0
0
0
0
0
0
0
0
1
1
1
1
1
1
1
1
1
1
1
1
1
1
1
1
1
1
1
1
1
1
1
1
1
1
1
1
1
1
1
2
2
2
2
2
2
2
2
3
3
4
4
5
5
5
5
5
4
3
2
1
1
1
1
1
1
1
1
1
1
3
3
3
3
3
3
3
3
3
3
3
3
4
4
4
4
4
4
4
4
3
3
3
3
3
4
4
5
5
6
7
7
8
8
9
9
9
9
6
5
4
3
3
3
3
3
3
3
3
3
3
3
3
3
3
3
3
3
3
3
3
3
3
3
3
3
4
4
4
4
4
2
2
3
3
5
5
6
6
6
7
7
7
7
7
7
7
6
6
6
6
6
7
7
7
7
7
7
7
7
7
7
7
7
6
6
6
8
8
8
8
8
8
8
8
8
9
9
9
9
9
10
7
5
3
3
3
3
3
3
3
3
3
3
3
3
3
3
3
4
4
4
4
4
4
4
4
4
4
4
4
4
5
5
5
4
4
4
4
4
4
4
4
4
5
5
5
5
5
5
5
5
5
1
1
1
1
1
1
1
2
4
4
6
7
7
7
7
7
7
7
7
8
8
8
8
8
8
8
8
8
8
8
8
8
9
6
3
2
1
0
0
0
0
0
0
0
1
1
1
1
1
1
2
2
2
3
3
3
3
3
3
3
3
3
3
3
3
3
2
1
0
0
0
0
0
0
0
0
0
1
2
2
2
2
2
2
0
0
0
0
0
0
0
0
0
0
0
0
0
0
0
0
0
0
0
0
0
0
0
0
0
0
0
0
0
0
0
0
0
0
0
0
0
0
0
0
0
0
0
0
0
0
0
0
0
0
0
0
0
0
0
0
0
0
0
0
0
0
0
0
0
0
0
0
0
0
0
0
0
0
0
0
0
0
0
0
0
0
0
0
0
0
0
0
0
0
0
0
0
0
0
0
0
0
0
0
0
0
0
0
0
0
0
0
0
0
0
0
0
0
0
0
0
0
0
0
0
0
0
0
0
0
0
0
0
0
0
0
0
0
0
0
0
0
0
0
0
0
0
0
0
0
0
0
0
0
0
0
