0.0
0.0
0.0
0.0
0.0
0.0
0.0
0.0
0.0
0.0
0.0
2416.040624245965
0.0
0.0
0.0
2675.8100986815953
2736.185018275768
0.0
2918.1557329574853
2418.736528887759
0.0
2431.9402159701704
0.0
2443.3568868455372
8574.444444444443
3319.1767634339913
0.0
10261.82679001469
5886.7976824212055
5680.675494880292
0.0
6895.0426264205325
6457.015258330017
0.0
0.0
0.0
2624.722222222222
2624.722222222222
2624.722222222222
2624.722222222222
2624.722222222222
2624.722222222222
10414.865905394472
4186.760804804356
2441.282673211785
13403.207745717704
0.0
12460.597886708032
5654.156406555444
4819.359795844674
12938.162699843964
6530.914813749832
6001.377672461327
8069.844711148939
13603.670964895902
7826.187177821092
12157.81209575541
11662.585202404516
16151.684865036326
18046.685215187204
17118.896238268466
20388.167141812377
25394.586914862793
22641.624666584245
23176.94803337194
21271.84495363936
24720.188353196754
21612.74568628189
12808.965308265855
35308.91499067412
37137.26735409102
20167.36881396188
29294.109178659284
46381.846583502964
39967.31670385589
43835.73160276263
49576.43813599773
44054.407860261075
40871.51664113372
50150.13330578748
54143.55483711409
53493.645339316645
47007.56595089605
34844.26180626366
33803.59735182021
31033.964732609915
23015.994519034906
37778.99316705001
25117.382198756663
24807.85637220835
38276.610984287414
28758.570316438712
25087.385144855543
41935.96026979801
36824.258171321766
43115.03565154486
34115.30992068656
41155.206745022115
37463.60847033191
35619.11668753312
48921.29603031434
36250.23641619505
46295.105772400464
52910.208607759
47028.040002725495
56994.7209263848
50754.30783853707
45839.33504411351
51725.343311306126
50591.82565169723
64882.384004899955
55164.40250231546
54431.89939057486
49984.890591607604
47574.31200183885
43964.55916703438
60718.12716386265
61734.63189524411
70707.99486010376
58659.95918393985
68223.81365359314
60349.83702989481
55431.59247204679
63631.16021776947
60806.767624471206
58790.11694645978
63598.77372727467
67039.12377415468
63131.14470089035
67638.89249974291
59441.10901973438
69659.42191391492
69870.97006129901
76226.20551830376
65157.14820851355
71549.24251721957
64813.788100534424
60381.621893278076
67198.81467060394
71339.07292041004
72320.36347749627
62131.27021989485
72741.55223308304
81391.25497867184
71970.79044621809
84977.51928070682
81085.20326390147
83772.45243112135
98864.45612308828
100097.28509126253
94873.57578012973
93538.48889419751
101348.11482057848
91748.00303900328
99853.38635959712
94533.97250527411
104359.72707356037
107528.14729272223
102499.88305490237
105560.24442884259
86924.11055488433
87007.27656624337
88653.51898718222
84233.05874448793
72153.21760392789
79126.19279358553
82210.41685991852
67231.29064119901
72204.78626861857
75404.8054531631
71938.9819719312
67769.67452676833
70233.50389734459
53324.97698090686
63587.43899363007
76459.66258496926
75452.6063926242
74609.29588178164
82839.04620176772
81759.5734089957
80166.545414325
85984.16680082277
91249.402517061
100097.59064322127
94775.6121183059
97799.30145160737
109459.97725933423
93421.81825517563
96733.34229654152
93076.55591488053
96321.21912080189
91364.57134589493
99234.66606419318
96301.4943803905
96117.57681580175
93882.26604960923
91526.47010688562
98715.03181296341
87960.3952410713
80052.34403749231
69372.56757510902
76398.19360914144
81504.04265951323
82723.33307761491
81254.70154029275
79570.79470716171
67064.6950398567
70733.02808338632
55140.13235948657
74284.1818921674
65712.64575562559
69139.38828519908
58606.09468718267
60765.11084974161
64835.74562056364
62678.389970886914
66650.24077256261
84391.74668404444
75111.79626257006
86177.49535565001
89852.42939062534
91100.15916966916
92304.23036016125
99188.49767883257
100424.31482663078
102140.88925742736
91648.35267654924
93556.94724047717
100257.36343017679
101104.3633671334
103541.45826370345
109356.13562994104
115262.5248581143
112419.82087650556
106954.39298869339
92004.4969746366
90597.74015546747
90223.88556202846
90992.88930109674
78548.80831094817
80789.03064751849
76948.6262853545
71008.5641711579
71113.98452992499
75109.8071003101
69909.60702087035
74279.35654238507
60497.59509904439
60645.42507214138
69318.67837797393
63907.82113028513
64323.92074436494
61230.47860140706
68012.61040472555
68375.14719485067
73076.01830124069
64308.7830953071
70550.80605563684
70107.3018898757
59220.19383131199
61689.94570545384
64018.311630311844
62583.79838154578
51324.593510346574
44276.84787396982
48808.806329434046
44753.96216030874
45369.547164091484
49696.61881052959
52722.995208745975
46198.31191069031
42390.59432271133
44885.42061251517
59094.7446740933
49038.99546393585
43754.71547442045
42475.49080866578
42596.1411348851
36619.6257573484
34817.46586043767
40181.99247691566
38626.37877581147
43622.325918226314
45579.629822715084
40580.09017675267
41976.16760373001
43694.12692944998
35655.79207964992
35219.81591715146
29971.533516365205
30423.986666226137
18470.36566441488
22268.56559802542
23988.962412317152
18361.78643609482
18373.055555555555
18373.055555555555
26625.928065525917
27787.22559296869
28124.31454953024
30649.06529075384
31485.127532572802
32076.819815621955
28416.966778972863
28140.955830389663
24620.95067836422
26024.966487024605
29465.47447659183
26000.28630052305
29890.17109398516
25724.147100064194
21433.30030559094
25985.369190868278
22182.4992740774
22639.434250491107
25257.86152655355
20331.815410562267
21576.6291117518
22181.539928315095
25908.02059375618
24929.56512358131
24689.466695210976
18373.055555555555
18373.055555555555
18373.055555555555
18373.055555555555
20863.662872696455
25141.42080813483
23498.063838722977
22905.245821382086
26510.403569792084
18195.443259439224
21413.73942455619
22448.98278749838
23030.594401013623
18873.71247769908
21992.154392444274
19916.388486056923
24329.28119901469
20225.855257317042
15749.212851730888
13123.61111111111
16319.202486647504
13123.61111111111
15505.817515533405
16803.710921533537
16682.572613237182
16508.322323848806
20290.31697075608
23172.362364023254
19059.19099200211
24302.240248320704
23956.43168873996
19203.636819215717
21055.949838817913
14589.199830257823
19302.55787786426
10498.888888888889
18840.404811328153
17022.770434661958
17355.3816792504
17769.541769765303
17663.788416874024
21613.584531440898
15711.184799677476
16413.12815136516
20041.691239065505
20692.964342681888
18008.86249900488
13613.103706288437
22456.742591271708
22674.292351303906
26676.64971356547
26070.287526632135
25450.826171904548
28525.67552261195
28884.261074168113
30127.921241522068
21231.924890000082
17389.59475469029
15630.28994225305
17779.922396982503
18126.115212589066
18705.10594266152
18917.534265432063
17009.588157811588
16250.736925640565
17330.478287011152
17119.78204724317
8535.093027580519
2871.170993913043
3222.933981658453
0.0
0.0
0.0
0.0
0.0
0.0
0.0
0.0
0.0
2624.722222222222
2624.722222222222
2624.722222222222
2624.722222222222
2624.722222222222
2624.722222222222
2624.722222222222
2624.722222222222
2624.722222222222
2624.722222222222
2624.722222222222
2624.722222222222
2624.722222222222
2624.722222222222
2624.722222222222
2624.722222222222
2624.722222222222
2624.722222222222
2624.722222222222
2624.722222222222
2624.722222222222
2624.722222222222
2641.0024233753124
0.0
0.0
0.0
0.0
0.0
0.0
0.0
0.0
0.0
0.0
0.0
0.0
0.0
0.0
0.0
0.0
0.0
0.0
0.0
0.0
0.0
0.0
0.0
0.0
0.0
0.0
0.0
0.0
0.0
0.0
0.0
0.0
0.0
0.0
0.0
0.0
0.0
0.0
0.0
0.0
0.0
0.0
0.0
0.0
0.0
0.0
0.0
0.0
0.0
0.0
0.0
0.0
0.0
0.0
0.0
0.0
0.0
0.0
0.0
0.0
0.0
0.0
0.0
0.0
0.0
0.0
0.0
0.0
0.0
0.0
0.0
0.0
0.0
0.0
0.0
0.0
