0.0
0.0
0.0
0.0
0.0
0.0
0.0
0.0
0.0
0.0
0.0
1.0385663495340438
0.0
0.0
0.0
1.1502279287993538
1.1761798452210794
0.0
1.254399600854202
1.0397252990550099
0.0
1.045400942147459
0.0
1.05030837874225
3.6857966457023057
1.42677776880651
0.0
4.411113058760321
2.530472468366324
2.441870777090618
0.0
2.963864245136708
2.7755789131287525
0.0
2.1510378091951567
0.0
1.1283318358790055
1.1283318358790055
3.2044368988386713
3.530902762343149
1.1283318358790055
4.038129740798452
2.1584526053041406
2.9280459166498867
4.705843994824747
6.889797947493727
4.096773639083451
6.484617098733922
3.5588036138698795
3.1999663044206406
5.296840508882223
4.358935068891242
4.7521872608859335
3.1456794173882736
7.205152088878899
2.971230158730158
4.636791612114286
8.274329732789678
4.930937241166028
8.775423589736675
5.495069671572422
9.178663539260931
11.195207037928705
9.519718397939288
6.895087897718655
7.257565817153195
7.53336826799057
9.488292063141545
6.321607284166565
7.652236966131982
11.084771448237053
7.687805163375568
12.68018105318317
13.01539883873669
14.501444562167386
16.640669658105203
19.110193402024006
18.098267371824775
18.06472858644033
17.070330576376726
14.738028149130658
18.819826889940753
16.70035668706192
9.726297431089874
10.804139006960602
11.407782527271335
11.622883856209747
11.67100014722347
13.573033580397007
13.5586195793928
19.040396768856017
17.948188628084203
17.048933413662613
21.34485561382506
21.573795655585
19.791719014890784
22.994467035108386
22.8468362478788
23.651424934107926
22.849731959550603
21.289844818707703
24.23580978419964
25.386367187385407
24.4240259154219
21.388421104473853
25.032044575420766
22.004389907531287
29.16055107195499
23.5928267051364
18.41739435954142
19.511868328498277
21.102572854802215
23.64106877063655
20.883440577652788
24.845910184389858
16.63546659251108
22.933707163249366
26.53905706423906
27.786288919763248
21.457608542674063
23.850144421998486
15.21631961817195
18.111268984104615
15.793682296819284
17.022248523232726
15.163765331738942
16.511212189278226
20.22021978533137
20.904179797846197
20.409761883368464
16.936602525509855
21.901841373796216
22.087951698562367
18.417621094030935
18.309068651696453
18.906424177718616
20.314637380809632
20.44542732945912
23.697317481055766
20.80347976733576
24.625485891125074
25.78278948575933
28.373168174521883
31.86597933107189
32.92775305851145
34.41074054112002
34.439557088981935
39.63979457601377
38.367106827900216
43.918624915561026
36.503475461320136
35.731440122953124
40.38928341233812
36.75564807381354
38.69214560185636
36.62307178299649
38.07259830607859
40.298697154622175
32.09968037622421
33.58832490108166
31.94839960384813
31.484117101716002
33.062561299157366
33.46851923846823
29.197384792147307
29.890085641242315
29.04713695334251
23.88447397652443
28.016677317679996
29.645209515678793
31.044714243846805
29.77168077407641
34.52173104401583
32.47139185764888
30.345272512679447
38.77493657817091
37.59890835397153
40.91206476794712
43.05085099975592
45.11430389425104
41.938756578303376
43.1530203766408
44.1239454506269
44.711675621903886
41.344127740274004
48.55851953324507
45.61019516253209
49.280357815750264
38.72367080735346
46.41291409698444
45.96821193426043
46.887404568406346
44.26290138154571
46.014960962757954
43.58805378092286
42.8999805300554
45.38604310080533
46.51840008463934
49.18746394429805
46.551697326331315
47.18409339298842
51.7281144807949
47.85504646327591
49.23545103688956
49.340054222914155
52.93934727168391
49.636147568318044
46.99815550004628
46.791465455577864
48.12907899334238
49.8309954527665
50.39483007336748
43.99556709869784
45.86935057970509
45.018589227507256
44.67196075540124
47.24862544605318
50.582238432059306
51.46092507968179
53.948152570263844
52.795189591899415
51.49488089524773
52.13744394953871
53.374145771084116
55.44975363646448
55.824259254472864
57.273256004607276
57.11217537704461
59.48893487822538
57.903356320751115
64.53998091326032
60.25497939553995
65.21207263535626
59.992158017677056
57.740349940447956
61.116023841838995
54.10202719654672
58.83426465460614
57.09382602930996
54.467137006208375
58.66052589984063
50.47539221696521
52.65023699836161
42.80720575583364
41.064950785988785
32.9674133576673
36.535376100799404
34.83256450931134
36.064236805608445
36.26927546199043
41.071076648627994
39.16724778507633
42.59842025585902
40.180627432107954
42.81638047148215
39.03494712495538
42.97883142374832
42.69219202775725
47.07188039528758
46.78632168618907
44.99451247016491
46.974375184844234
48.7627006962921
46.52826481055517
45.43801154130365
38.220438951127505
31.583486719986
28.507017388698607
28.876929716602262
29.447839284325987
27.721804259605452
27.79944104301238
25.95163222521713
27.868381359300358
26.775330054136028
22.663983140402344
23.82379757146297
24.163809938818606
22.98536620236566
25.679516315004605
27.08419449127303
26.163716668984183
24.14614375640833
27.347173325785683
26.4456615129867
28.710633099738665
29.810999255381937
30.115235726213232
28.885073335904544
26.158686214881453
27.806868826941457
27.89683846503943
31.050990079409672
28.92172714534815
30.12675698168405
30.890399047906975
30.29567834052299
31.18227566004744
24.06045317266415
22.625244516685655
23.363393395577777
24.742903157596494
19.11835452428357
14.498441510165717
16.860319029194578
17.16970892979788
14.482048754016875
16.175653367602273
16.449929325705043
10.300456291259346
8.006664872255097
9.131380530242039
3.478718721642875
2.2412988738069672
1.1283318358790055
2.256663671758011
4.7997428297359805
5.126915663842486
5.833067113078561
8.52459845925291
8.398118923273405
5.377789411518489
7.001569721617739
7.092464808351978
8.028144565866837
8.195239147165886
8.444537034905919
9.906671080939285
8.781202180634656
10.681595675862024
9.742916527405209
9.272591619681943
10.445284897554659
10.652797196973902
10.70757196786771
9.803983580779
4.581054721990371
4.673363758791046
2.256663671758011
3.4680522202446147
2.256663671758011
3.4869247355457533
2.256663671758011
4.322782072127004
3.581371234671601
3.896708354423774
4.96625610675825
6.998256938849908
7.58791957873099
5.675128761337136
3.7816682653090625
5.777501568881739
7.430858946598142
5.660490301524876
5.5937397612126585
4.3150342548993725
4.355648554268999
2.256663671758011
4.188371558884851
4.945954389279877
2.256663671758011
2.256663671758011
4.9145786739852575
5.811756131094708
4.598522878146557
7.7222313894118315
8.550782506514917
7.999287855776647
9.244005445176661
7.950802326767352
8.649969534553271
9.353460793073438
5.857590207678085
5.7162446355654435
2.256663671758011
5.163026696411377
2.256663671758011
2.256663671758011
2.256663671758011
2.256663671758011
2.256663671758011
2.256663671758011
2.256663671758011
2.256663671758011
2.256663671758011
2.256663671758011
2.256663671758011
2.256663671758011
2.256663671758011
2.256663671758011
2.256663671758011
2.256663671758011
2.256663671758011
2.256663671758011
2.256663671758011
2.256663671758011
2.256663671758011
2.256663671758011
2.256663671758011
2.256663671758011
2.256663671758011
2.256663671758011
2.256663671758011
2.256663671758011
2.256663671758011
2.256663671758011
2.256663671758011
2.256663671758011
2.256663671758011
2.256663671758011
2.256663671758011
2.256663671758011
2.256663671758011
2.256663671758011
2.256663671758011
2.256663671758011
2.256663671758011
2.256663671758011
2.256663671758011
2.256663671758011
2.256663671758011
2.256663671758011
2.256663671758011
2.256663671758011
2.256663671758011
2.256663671758011
2.256663671758011
2.256663671758011
2.256663671758011
2.256663671758011
2.256663671758011
2.256663671758011
2.256663671758011
2.256663671758011
2.256663671758011
2.256663671758011
2.256663671758011
2.256663671758011
2.256663671758011
2.256663671758011
2.256663671758011
2.256663671758011
2.256663671758011
2.256663671758011
2.256663671758011
2.256663671758011
2.256663671758011
2.256663671758011
2.256663671758011
2.256663671758011
2.256663671758011
2.256663671758011
2.256663671758011
2.256663671758011
2.256663671758011
2.256663671758011
2.256663671758011
2.256663671758011
2.256663671758011
2.256663671758011
2.256663671758011
2.256663671758011
2.256663671758011
2.256663671758011
2.256663671758011
2.256663671758011
2.256663671758011
2.256663671758011
2.256663671758011
2.256663671758011
2.256663671758011
2.256663671758011
2.256663671758011
2.256663671758011
2.256663671758011
2.256663671758011
2.256663671758011
2.256663671758011
2.256663671758011
2.256663671758011
2.256663671758011
2.256663671758011
2.256663671758011
2.256663671758011
2.256663671758011
2.256663671758011
2.256663671758011
2.256663671758011
2.256663671758011
2.256663671758011
2.256663671758011
2.256663671758011
2.256663671758011
2.256663671758011
2.256663671758011
2.256663671758011
2.256663671758011
2.256663671758011
2.256663671758011
2.256663671758011
