0
0
0
0
0
0
0
0
0
0
0
0
0
0
0
0
0
0
0
0
0
0
0
0
0
0
0
0
0
0
0
1
1
1
1
1
2
2
2
2
2
2
2
2
3
4
3
3
3
4
5
6
7
7
6
6
6
6
8
8
8
9
9
10
11
11
11
11
11
12
13
13
13
13
13
13
13
13
14
14
14
15
16
17
17
18
17
20
21
23
19
17
16
16
17
18
18
18
18
19
20
21
22
22
22
22
23
23
24
24
24
24
25
26
26
26
26
27
28
27
27
27
29
29
31
33
33
34
35
30
26
22
21
21
21
21
21
22
22
23
24
25
26
27
27
28
28
28
28
28
29
30
32
32
32
32
32
32
33
33
35
36
35
32
31
30
29
27
27
26
26
25
26
26
27
28
30
31
31
33
33
35
37
38
38
38
38
39
40
40
41
41
42
43
43
41
40
39
35
33
32
31
30
31
31
32
32
34
34
35
35
35
35
35
35
36
36
36
36
36
36
36
36
36
36
36
36
37
38
38
39
41
41
41
36
31
28
23
19
19
19
20
19
18
17
16
16
16
17
17
17
17
17
17
17
17
17
17
18
18
18
18
19
20
21
22
22
19
17
15
14
14
14
14
14
14
14
15
15
15
16
16
18
20
20
22
22
22
23
23
23
23
23
24
25
26
27
27
27
27
23
20
18
17
17
18
18
19
19
19
19
19
19
19
19
19
19
19
19
19
19
19
19
20
20
21
21
21
21
21
20
21
21
21
21
21
21
21
22
22
22
22
23
23
23
23
23
23
23
23
24
25
25
25
25
26
26
27
27
27
27
27
27
27
27
27
25
23
21
19
19
19
18
19
19
18
18
18
19
19
19
20
21
21
21
21
19
18
16
16
16
16
16
16
16
16
16
16
16
16
16
16
16
16
16
16
16
16
16
16
16
16
16
16
17
17
17
17
17
17
17
17
17
15
13
11
9
9
8
8
8
8
8
8
8
8
8
8
8
8
8
8
8
8
8
8
8
8
8
8
8
8
8
8
8
8
6
6
6
6
6
6
6
6
6
6
6
6
6
6
6
6
6
6
6
6
6
6
6
6
6
6
6
6
6
6
6
6
6
5
4
3
2
1
1
0
0
0
0
0
