17025
12949
18757
17199
16769
15156
18108
17132
19505
18246
20548
16976
17044
14894
18980
14362
15611
17570
19088
17561
16738
13030
18105
16860
12295
16758
21100
19663
17251
17104
13748
18906
16169
15616
16116
14348
13630
19872
18068
17408
15756
16470
14815
14247
16916
17864
18177
16633
17236
14704
13855
13444
14982
13846
16122
11589
14924
14781
14140
16534
17389
16027
14069
15317
14400
15525
13798
11696
11984
13058
10685
16875
14970
13366
13788
16987
11599
12317
11610
14897
13757
15673
13128
14867
14420
14658
13930
15185
16083
16397
12333
13036
16348
17798
13981
15681
14151
13075
14294
15722
15767
11553
10699
13961
13293
12677
10530
17018
15004
11377
11250
13606
12925
12641
12378
13795
10730
13525
11739
11174
13337
12270
14803
11783
14474
11347
13318
15654
10034
13227
9808
12899
11710
11846
12390
8340
10017
14713
10778
12039
10198
10253
11393
12412
13003
10696
11777
9917
9552
10390
13040
11572
11681
12830
11135
10109
10692
8572
9109
10839
9133
10228
10077
9070
9498
11884
10276
13282
12966
10496
12078
8493
10338
8944
9840
11474
8246
8949
8831
9365
10290
7789
9789
12160
8650
9286
8762
10360
9630
9834
9357
8085
9404
8649
8028
12251
8833
10817
9030
10246
