17.025
12.949
18.757
17.199
16.769
15.156
18.108
17.132
19.505
18.246
20.548
16.976
17.044
14.894
18.98
14.362
15.611
17.57
19.088
17.561
16.738
13.03
18.105
16.86
12.295
16.758
21.1
19.663
17.251
17.104
13.748
18.906
16.169
15.616
16.116
14.348
13.63
19.872
18.068
17.408
15.756
16.47
14.815
14.247
16.916
17.864
18.177
16.633
17.236
14.704
13.855
13.444
14.982
13.846
16.122
11.589
14.924
14.781
14.14
16.534
17.389
16.027
14.069
15.317
14.4
15.525
13.798
11.696
11.984
13.058
10.685
16.875
14.97
13.366
13.788
16.987
11.599
12.317
11.61
14.897
13.757
15.673
13.128
14.867
14.42
14.658
13.93
15.185
16.083
16.397
12.333
13.036
16.348
17.798
13.981
15.681
14.151
13.075
14.294
15.722
15.767
11.553
10.699
13.961
13.293
12.677
10.53
17.018
15.004
11.377
11.25
13.606
12.925
12.641
12.378
13.795
10.73
13.525
11.739
11.174
13.337
12.27
14.803
11.783
14.474
11.347
13.318
15.654
10.034
13.227
9.808
12.899
11.71
11.846
12.39
8.34
10.017
14.713
10.778
12.039
10.198
10.253
11.393
12.412
13.003
10.696
11.777
9.917
9.552
10.39
13.04
11.572
11.681
12.83
11.135
10.109
10.692
8.572
9.109
10.839
9.133
10.228
10.077
9.07
9.498
11.884
10.276
13.282
12.966
10.496
12.078
8.493
10.338
8.944
9.84
11.474
8.246
8.949
8.831
9.365
10.29
7.789
9.789
12.16
8.65
9.286
8.762
10.36
9.63
9.834
9.357
8.085
9.404
8.649
8.028
12.251
8.833
10.817
9.03
10.246
