39.529
24.833
24.708
23.21
35.441
28.238
29.651
25.543
23.57
28.343
26.267
26.424
22.611
22.391
37.254
36.723
21.443
22.43
24.777
20.771
26.861
32.561
26.329
32.981
26.861
31.629
26.644
24.753
25.97
30.859
22.602
26.88
23.481
26.999
25.63
37.184
25.385
30.209
28.176
28.419
28.855
22.352
25.907
21.109
23.579
28.607
19.68
20.729
23.908
29.949
24.326
22.62
19.565
30.06
26.325
22.836
24.583
25.766
21.624
24.428
22.308
24.801
24.136
18.3
24.29
24.998
27.358
25.736
20.222
22.973
19.733
22.793
20.52
21.946
28.03
26.263
33.715
18.152
20.338
20.775
23.514
24.415
23.141
21.776
21.22
24.577
25.854
26.905
20.249
20.047
28.503
23.492
26.957
22.24
18.772
24.616
28.628
23.253
27.651
22.122
19.025
21.264
23.522
27.847
25.414
22.89
23.445
23.731
22.165
23.75
18.707
20.467
24.957
22.63
21.261
23.27
27.463
29.829
26.025
20.244
25.308
19.302
25.293
26.53
25.9
29.472
27.183
21.814
17.961
22.901
25.16
34.399
29.122
23.948
23.49
18.811
25.924
22.271
25.509
21.882
23.88
22.022
22.042
31.218
31.794
27.582
26.36
20.991
19.135
24.726
25.85
21.639
27.153
20.31
28.056
25.494
27.053
28.172
25.348
38.442
24.103
20.945
22.036
24.977
22.475
23.611
30.146
24.378
24.502
22.32
28.013
23.788
21.934
29.907
25.63
27.349
14.389
19.722
24.577
20.332
22.36
31.406
27.034
21.486
24.818
28.033
23.73
20.295
24.252
27.033
20.416
35.783
22.632
19.561
19.419
25.852
22.398
22.773
33.133
21.382
