-169072.0
-115281.0
-167334.0
-149502.0
-152721.0
-143844.0
-163458.0
-159381.0
-157686.0
-172878.0
-166437.0
-125325.0
-146121.0
-151224.0
-162758.0
-115107.0
-134475.0
-140859.0
-146025.0
-147531.0
-119964.0
-116361.0
-154353.0
-132465.0
-119844.0
-177038.0
-137361.0
-186973.0
-162145.0
-169074.0
-122313.0
-162979.0
-130810.0
-156166.0
-130210.0
-122203.0
-149037.0
-178323.0
-157725.0
-148765.0
-150940.0
-161830.0
-137715.0
-108201.0
-178932.0
-179955.0
-121995.0
-142758.0
-160835.0
-137759.0
-105626.0
-157374.0
-138413.0
-133475.0
-145644.0
-153327.0
-162894.0
-182559.0
-129000.0
-152673.0
-152185.0
-136416.0
-132699.0
-161193.0
-128235.0
-155973.0
-152316.0
-128184.0
-127908.0
-133146.0
-92762.0
-142068.0
-112912.0
-136713.0
-136741.0
-147405.0
-114260.0
-109133.0
-146586.0
-114819.0
-113406.0
-140745.0
-173829.0
-156830.0
-149280.0
-93942.0
-140223.0
-177924.0
-159621.0
-163242.0
-160926.0
-122805.0
-123372.0
-140900.0
-153391.0
-126800.0
-104820.0
-130776.0
-153891.0
-125295.0
-141501.0
-75642.0
-100308.0
-127101.0
-113335.0
-114162.0
-136758.0
-140498.0
-123727.0
-124899.0
-81264.0
-124804.0
-127645.0
-130808.0
-111058.0
-115409.0
-123344.0
-147683.0
-105676.0
-144285.0
-124884.0
-110070.0
-155481.0
-89085.0
-128004.0
-124467.0
-100497.0
-123942.0
-91953.0
-139471.0
-109010.0
-120364.0
-118383.0
-107331.0
-112479.0
-69522.0
-85425.0
-120394.0
-115108.0
-84375.0
-115593.0
-125700.0
-75595.0
-125340.0
-136371.0
-136425.0
-110025.0
-80925.0
-110868.0
-99207.0
-118311.0
-106716.0
-144201.0
-117684.0
-90816.0
-106464.0
-120099.0
-101217.0
-82815.0
-92412.0
-98512.0
-111387.0
-72636.0
-80133.0
-104034.0
-104059.0
-95730.0
-148518.0
-138726.0
-104556.0
-109027.0
-76770.0
-81696.0
-97470.0
-97782.0
-99665.0
-87675.0
-64387.0
-80784.0
-79782.0
-67365.0
-59664.0
-88598.0
-109383.0
-76494.0
-73072.0
-57138.0
-95421.0
-92784.0
-90914.0
-60141.0
-62618.0
-76290.0
-57261.0
-67341.0
-82095.0
-55719.0
-88209.0
-86284.0
-64851.0
