39529
24833
24708
23210
35441
28238
29651
25543
23570
28343
26267
26424
22611
22391
37254
36723
21443
22430
24777
20771
26861
32561
26329
32981
26861
31629
26644
24753
25970
30859
22602
26880
23481
26999
25630
37184
25385
30209
28176
28419
28855
22352
25907
21109
23579
28607
19680
20729
23908
29949
24326
22620
19565
30060
26325
22836
24583
25766
21624
24428
22308
24801
24136
18300
24290
24998
27358
25736
20222
22973
19733
22793
20520
21946
28030
26263
33715
18152
20338
20775
23514
24415
23141
21776
21220
24577
25854
26905
20249
20047
28503
23492
26957
22240
18772
24616
28628
23253
27651
22122
19025
21264
23522
27847
25414
22890
23445
23731
22165
23750
18707
20467
24957
22630
21261
23270
27463
29829
26025
20244
25308
19302
25293
26530
25900
29472
27183
21814
17961
22901
25160
34399
29122
23948
23490
18811
25924
22271
25509
21882
23880
22022
22042
31218
31794
27582
26360
20991
19135
24726
25850
21639
27153
20310
28056
25494
27053
28172
25348
38442
24103
20945
22036
24977
22475
23611
30146
24378
24502
22320
28013
23788
21934
29907
25630
27349
14389
19722
24577
20332
22360
31406
27034
21486
24818
28033
23730
20295
24252
27033
20416
35783
22632
19561
19419
25852
22398
22773
33133
21382
