-224055.0
-205521.0
-199670.0
-222828.0
-224557.0
-247221.0
-271748.0
-189680.0
-234435.0
-222357.0
-236544.0
-173737.0
-174684.0
-237362.0
-274422.0
-260805.0
-178899.0
-234645.0
-244629.0
-189681.0
-168765.0
-272463.0
-238200.0
-262755.0
-249135.0
-246466.0
-184767.0
-190422.0
-196110.0
-223332.0
-189678.0
-257943.0
-261865.0
-185243.0
-195552.0
-194208.0
-195078.0
-210864.0
-206991.0
-249879.0
-188479.0
-213201.0
-216460.0
-233412.0
-208374.0
-225789.0
-186246.0
-213342.0
-252373.0
-243618.0
-173193.0
-200256.0
-196488.0
-198618.0
-267886.0
-163986.0
-228359.0
-209172.0
-198351.0
-238683.0
-171186.0
-194253.0
-199755.0
-165379.0
-150216.0
-193785.0
-198264.0
-173295.0
-198980.0
-206352.0
-184972.0
-181503.0
-193311.0
-221187.0
-143334.0
-212391.0
-181932.0
-148947.0
-183341.0
-219713.0
-212391.0
-183879.0
-226747.0
-150757.0
-195474.0
-216293.0
-194208.0
-269316.0
-227597.0
-177525.0
-212886.0
-200904.0
-176535.0
-173925.0
-153024.0
-192058.0
-182364.0
-184987.0
-201183.0
-213459.0
-188500.0
-177630.0
-170796.0
-183207.0
-246178.0
-168570.0
-196181.0
-146763.0
-215670.0
-208899.0
-147579.0
-193689.0
-239403.0
-182127.0
-209601.0
-190410.0
-197816.0
-201300.0
-194483.0
-182451.0
-197025.0
-138720.0
-172200.0
-163582.0
-171525.0
-210102.0
-230918.0
-183615.0
-146822.0
-174993.0
-199064.0
-229710.0
-167736.0
-196413.0
-210243.0
-190834.0
-218088.0
-212644.0
-161967.0
-158350.0
-186897.0
-197328.0
-152952.0
-172032.0
-204129.0
-205512.0
-193878.0
-165856.0
-169722.0
-209853.0
-213945.0
-207537.0
-165165.0
-161208.0
-192681.0
-165270.0
-165945.0
-159561.0
-170865.0
-153222.0
-140721.0
-155643.0
-163500.0
-146766.0
-137529.0
-170662.0
-165591.0
-208347.0
-147701.0
-198614.0
-206460.0
-163892.0
-146435.0
-174642.0
-199649.0
-146400.0
-160431.0
-142137.0
-198063.0
-189828.0
-145773.0
-158807.0
-153993.0
-149037.0
-144102.0
-162603.0
-146877.0
-162008.0
-211144.0
-161446.0
-183819.0
-130026.0
-158361.0
-159441.0
-169884.0
-174348.0
-153621.0
-165684.0
-141636.0
-172869.0
