-74868.0
-73871.0
-74446.0
-69301.0
-70066.0
-66699.0
-63591.0
-68451.0
-66754.0
-68898.0
-63327.0
-65254.0
-57587.0
-57906.0
-60124.0
-58874.0
-67711.0
-64414.0
-67494.0
-58815.0
-65594.0
-59404.0
-60156.0
-59563.0
-63957.0
-56256.0
-53200.0
-58326.0
-59641.0
-55436.0
-52717.0
-57745.0
-57302.0
-53642.0
-60956.0
-58284.0
-59277.0
-57243.0
-50987.0
-57326.0
-48095.0
-50069.0
-49056.0
-51239.0
-50036.0
-54240.0
-50727.0
-47767.0
-49489.0
-50545.0
-47314.0
-46098.0
-42252.0
-50829.0
-48799.0
-51949.0
-50760.0
-43585.0
-51843.0
-44429.0
-46803.0
-61026.0
-50314.0
-47945.0
-44838.0
-50834.0
-44930.0
-42784.0
-46511.0
-48169.0
-45499.0
-56006.0
-44198.0
-45085.0
-43008.0
-43719.0
-44065.0
-50150.0
