-117582.0
-121009.0
-123766.0
-120961.0
-123016.0
-121181.0
-117016.0
-117294.0
-118193.0
-115551.0
-105336.0
-107455.0
-108164.0
-107705.0
-110499.0
-109353.0
-103071.0
-108067.0
-105066.0
-96239.0
-108525.0
-104608.0
-109691.0
-101032.0
-89712.0
-104698.0
-100164.0
-95933.0
-101544.0
-95513.0
-95981.0
-92735.0
-88241.0
-89213.0
-92376.0
-91179.0
-91432.0
-96390.0
-95800.0
-87882.0
-90186.0
-81057.0
-89325.0
-94421.0
-76531.0
-82528.0
-76698.0
-81957.0
-88162.0
-79052.0
-83368.0
-83288.0
-80208.0
-83071.0
-77808.0
-74990.0
-78823.0
-83017.0
-73698.0
-75272.0
-77989.0
-76453.0
-73588.0
-71224.0
-71948.0
-69797.0
-71514.0
-67685.0
-73393.0
-67179.0
-65682.0
-69179.0
-65490.0
-70956.0
-75135.0
-73355.0
-72002.0
-70978.0
-64426.0
-68151.0
-62139.0
-70698.0
-64970.0
-69765.0
-61236.0
-62529.0
-60610.0
-57805.0
-59717.0
-57872.0
-59335.0
-59242.0
-62977.0
-54849.0
-57706.0
-58903.0
-57248.0
-65162.0
-62527.0
-60477.0
-65806.0
-62418.0
-57535.0
-54807.0
-55793.0
-54140.0
-52325.0
-51519.0
-50604.0
-50879.0
-54395.0
-50346.0
-53785.0
-45102.0
-41013.0
-56261.0
-51244.0
-49554.0
-48544.0
-53218.0
