668699
715635
645274
592029
683257
677640
670237
601456
620832
648978
583077
518789
588925
599077
529780
526921
569816
528327
569805
491469
484218
567970
593706
480602
439856
479858
470816
457334
461247
391407
460907
420649
417537
384090
434912
407842
396254
422108
432374
393973
393966
354426
382694
407245
347446
370351
332076
350326
395843
322404
363656
349193
334074
305049
292787
326657
350058
342929
309801
327342
329571
321673
283576
314155
296878
289041
300106
242369
291813
266670
252159
257406
255983
254009
285018
285083
291637
273093
259489
221665
237648
275673
253578
271611
262511
240652
229998
211805
204094
221293
256142
209951
261391
178459
210986
181989
189307
249676
221642
214496
192719
210338
202615
179972
162765
170361
155290
163201
160942
178315
181721
170945
153771
154510
139267
161575
187771
153764
149370
180263
