44.57993333333334
47.709
43.01826666666667
39.4686
45.550466666666665
45.176
44.68246666666667
40.09706666666667
41.3888
43.2652
38.8718
34.58593333333334
39.26166666666666
39.93846666666666
35.318666666666665
35.12806666666667
37.98773333333333
35.2218
37.987
32.7646
32.2812
37.864666666666665
39.5804
32.04013333333333
29.323733333333333
31.99053333333333
31.387733333333333
30.488933333333332
30.7498
26.0938
30.727133333333335
28.043266666666668
27.8358
25.606
28.994133333333334
27.189466666666668
26.416933333333333
28.140533333333334
28.824933333333334
26.264866666666666
26.2644
23.6284
25.512933333333333
27.14966666666667
23.163066666666666
24.690066666666667
22.1384
23.355066666666666
26.389533333333333
21.4936
24.243733333333335
23.279533333333333
22.2716
20.3366
19.519133333333333
21.77713333333333
23.3372
22.861933333333333
20.6534
21.8228
21.9714
21.444866666666666
18.905066666666666
20.943666666666665
19.791866666666667
19.2694
20.007066666666667
16.157933333333332
19.4542
17.778
16.8106
17.1604
17.065533333333335
16.933933333333332
19.0012
19.005533333333332
19.442466666666668
18.2062
17.299266666666668
14.777666666666667
15.8432
18.3782
16.9052
18.1074
17.500733333333333
16.043466666666667
15.3332
14.120333333333333
13.606266666666667
14.752866666666666
17.076133333333335
13.996733333333333
17.426066666666667
11.897266666666667
14.065733333333334
12.1326
12.620466666666667
16.645066666666665
14.776133333333334
14.299733333333334
12.847933333333334
14.022533333333334
13.507666666666667
11.998133333333334
10.851
11.3574
10.352666666666666
10.880066666666666
10.729466666666667
11.887666666666666
12.114733333333334
11.396333333333333
10.2514
10.300666666666666
9.284466666666667
10.771666666666667
12.518066666666666
10.250933333333334
9.958
12.017533333333333
