-67967.0
-66357.0
-59339.0
-62158.0
-67368.0
-59326.0
-58952.0
-60845.0
-56955.0
-65671.0
-60110.0
-57640.0
-58045.0
-63498.0
-58034.0
-58269.0
-62104.0
-55206.0
-53181.0
-54267.0
-55850.0
-54311.0
-57640.0
-54594.0
-49416.0
-52386.0
-53857.0
-53758.0
-56342.0
-46347.0
-52556.0
-49803.0
-50366.0
-46612.0
-53395.0
-50488.0
-47491.0
-49411.0
-48988.0
-50833.0
-43216.0
-46716.0
-46897.0
-49514.0
-48483.0
-48643.0
-43673.0
-44990.0
-50761.0
-45919.0
-44730.0
-42767.0
-42244.0
-41572.0
-42162.0
-41662.0
-40534.0
-43215.0
-42243.0
-41652.0
-42040.0
-44948.0
-42331.0
-43204.0
-38745.0
-39267.0
-41157.0
-39004.0
-38941.0
-37359.0
-37280.0
-38235.0
-36258.0
-34871.0
-37458.0
-38105.0
-40229.0
-37544.0
-37801.0
-37398.0
-35067.0
-40839.0
-39127.0
-41151.0
-39062.0
-34696.0
-32332.0
-34358.0
-41284.0
-34096.0
-38512.0
-34950.0
-36098.0
-34010.0
-34066.0
-31495.0
-31562.0
-36536.0
-33139.0
-34166.0
-34967.0
-31094.0
-35818.0
-31830.0
-31098.0
-29011.0
-29488.0
-29231.0
-29121.0
-26908.0
-25716.0
-29918.0
-27210.0
-26493.0
-24108.0
-26204.0
-28955.0
-26476.0
-26353.0
-23385.0
