9.588066666666666
9.433466666666666
9.528666666666666
10.424066666666667
9.029
8.722066666666667
8.062866666666666
8.615933333333333
8.1532
8.4392
8.3272
7.765733333333333
7.4566
8.559333333333333
7.935533333333334
8.022933333333333
8.050933333333333
7.820333333333333
7.831533333333334
7.254266666666667
8.456533333333333
7.6696
8.1844
6.917466666666667
6.9286666666666665
6.884933333333334
7.0404
7.6078
8.007533333333333
6.853133333333333
6.7965333333333335
6.885533333333333
6.635
6.3482
6.829533333333333
7.1952
7.0
6.5112
6.8212
6.808466666666667
6.7918666666666665
6.513933333333333
6.298066666666666
6.703866666666666
6.8008
6.923933333333333
6.3146
6.5628
6.8556
6.104533333333333
6.036866666666667
6.186266666666667
6.3408
5.824133333333333
6.332866666666667
5.7222
6.4778
6.004066666666667
5.868666666666667
6.072666666666667
6.031466666666667
6.1826
5.519866666666666
6.282866666666667
5.979133333333333
5.8532
6.1202
5.691
5.8428
5.427933333333334
5.528133333333333
6.004066666666667
5.572
5.3864
5.7726
5.722
6.3562
5.7806
5.693133333333333
5.6032
5.660533333333333
5.6644
5.817666666666667
5.8324
5.7691333333333334
5.3692
5.2986
5.1882
5.692333333333333
5.198733333333333
5.8142
5.643133333333333
6.028933333333334
5.3008
5.5466
4.5338666666666665
4.7085333333333335
5.784666666666666
4.7038
4.971733333333333
5.9126
4.883266666666667
5.430133333333333
5.128733333333333
5.345866666666667
4.655333333333333
4.679133333333334
4.604733333333333
4.605333333333333
4.667133333333333
4.6262
4.749066666666667
4.435666666666667
4.363266666666667
4.247333333333334
4.567933333333333
4.446066666666667
4.713
4.830266666666667
4.664466666666667
