143821
141502
142930
156361
135435
130831
120943
129239
122298
126588
124908
116486
111849
128390
119033
120344
120764
117305
117473
108814
126848
115044
122766
103762
103930
103274
105606
114117
120113
102797
101948
103283
99525
95223
102443
107928
105000
97668
102318
102127
101878
97709
94471
100558
102012
103859
94719
98442
102834
91568
90553
92794
95112
87362
94993
85833
97167
90061
88030
91090
90472
92739
82798
94243
89687
87798
91803
85365
87642
81419
82922
90061
83580
80796
86589
85830
95343
86709
85397
84048
84908
84966
87265
87486
86537
80538
79479
77823
85385
77981
87213
84647
90434
79512
83199
68008
70628
86770
70557
74576
88689
73249
81452
76931
80188
69830
70187
69071
69080
70007
69393
71236
66535
65449
63710
68519
66691
70695
72454
69967
