534259
365326
417355
353183
399531
414690
388721
370956
369038
357402
435076
363670
299641
357029
335255
288712
362848
388824
387982
333157
415306
327727
347227
351147
353508
304929
321378
319507
380816
318509
316475
264009
316938
307592
349756
339742
332700
283061
280509
317585
306692
309345
305042
325600
297819
271079
301151
261409
310814
303556
312309
228990
223558
297075
267880
249406
318628
240042
280929
261344
262951
377660
279821
257544
232866
289771
238918
254308
267808
265267
241829
349792
251899
242676
257890
300511
243409
346217
