87.1
83.5048
82.2178
78.6178
77.2832
80.391
76.698
72.2144
76.7286
71.5502
75.0406
66.775
68.3856
69.6684
66.0674
63.0914
61.0282
68.8344
69.575
58.1472
76.2846
61.0744
68.5302
68.0762
62.5862
67.6996
73.109
63.6266
68.9092
63.7834
49.7668
64.1214
68.6634
67.9224
70.2822
70.788
68.8772
61.0964
66.8734
70.7262
63.496
59.2272
45.9098
62.1414
62.6026
60.2764
64.482
63.3012
61.687
64.2186
60.355
54.7756
52.0422
58.9008
57.333
59.688
74.1194
52.0628
48.9192
64.9436
53.7252
62.6882
56.1278
57.4326
49.9816
57.1654
52.1906
61.4454
43.693
58.8404
55.027
60.585
55.0834
48.0442
59.765
53.763
46.0688
60.3548
