-623504.0
-567388.0
-611862.0
-641032.0
-578636.0
-571540.0
-606628.0
-600580.0
-598758.0
-594752.0
-562524.0
-621952.0
-537202.0
-547302.0
-574108.0
-593812.0
-546886.0
-565450.0
-571122.0
-578728.0
-570046.0
-523536.0
-532630.0
-533772.0
-568456.0
-534810.0
-611926.0
-507986.0
-551868.0
-522346.0
-570624.0
-572922.0
-499988.0
-584308.0
-502408.0
-543278.0
-588578.0
-560586.0
-529520.0
-535424.0
-521936.0
-559964.0
-536284.0
-542804.0
-585820.0
-478784.0
-505254.0
-482720.0
-532212.0
-503474.0
-542072.0
-499484.0
-505452.0
-530262.0
-530026.0
-512966.0
-489732.0
-507298.0
-471356.0
-462796.0
-490220.0
-491996.0
-492512.0
-515576.0
-452630.0
-481128.0
-447344.0
-513316.0
-516386.0
-469198.0
-477236.0
-467886.0
-482844.0
-507876.0
-455828.0
-492532.0
-450324.0
-478070.0
-485384.0
-450848.0
-450812.0
-459228.0
-445306.0
-435722.0
-481110.0
-449522.0
-470442.0
-448218.0
-488764.0
-427238.0
-425414.0
-480520.0
-413930.0
-441596.0
-447718.0
-464342.0
-449714.0
-504462.0
-441938.0
-471694.0
-413496.0
-421004.0
-429552.0
-449200.0
-420912.0
-456450.0
-433324.0
-441316.0
-439024.0
-455184.0
-469022.0
-428708.0
-438336.0
-438736.0
-456290.0
-394068.0
-403528.0
-426934.0
-430958.0
-466102.0
-411064.0
-458074.0
-388498.0
-429580.0
-383086.0
-483500.0
-432334.0
-375622.0
-428982.0
-429662.0
-410028.0
-400078.0
-401536.0
-405928.0
-421316.0
-404990.0
-427584.0
-406188.0
-390538.0
-405108.0
-378066.0
-389914.0
-368908.0
-407282.0
-377116.0
-378242.0
-402338.0
-415402.0
-395942.0
-374516.0
-399092.0
-381784.0
-362462.0
-368856.0
-392308.0
-352120.0
-364018.0
-348194.0
-350786.0
-360178.0
-382502.0
-389018.0
-383466.0
-375926.0
-368830.0
-399292.0
-387704.0
-374140.0
-381396.0
-333566.0
-397216.0
-414964.0
-357770.0
-337360.0
-351548.0
-355542.0
-332434.0
-391326.0
-339518.0
-352788.0
-346298.0
-371932.0
-353914.0
-368448.0
-361814.0
-327962.0
-355000.0
-383096.0
-341270.0
-368228.0
-417736.0
-351310.0
-364224.0
-426302.0
-360270.0
-390318.0
-381684.0
-401632.0
-358364.0
-400750.0
