19.7192
20.664
17.678
19.2536
19.9798
18.1296
23.871
18.7888
21.2202
16.4092
17.2252
16.7126
15.7196
20.7732
15.96
14.8354
15.267
15.8192
17.8284
17.461
23.2656
13.9492
29.6462
16.1034
13.264
16.8946
15.2708
17.5746
16.063
13.0316
15.0522
14.2188
13.1174
13.697
16.4974
15.9702
14.4782
15.0884
16.5278
19.9178
13.5982
14.384
18.472
13.6222
14.4312
16.2996
26.7812
13.8738
15.8916
17.617
13.2636
13.909
13.1142
16.2978
15.2346
13.1504
18.3994
13.9394
13.3986
15.4448
16.8402
14.4952
12.4698
13.3308
13.6682
12.1944
12.3508
12.7198
15.655
12.837
12.2422
15.9154
11.1292
10.6772
15.5206
12.8596
12.474
13.216
13.5474
11.0132
15.7168
15.314
13.0462
12.8974
12.628
12.3104
14.9038
13.3346
11.4022
14.3246
11.655
12.3618
12.3484
15.4004
11.978
13.6026
14.5366
11.8248
14.987
12.2392
12.8216
15.8566
11.8898
10.2456
11.4486
11.289
11.5554
11.9256
12.5518
17.05
11.237
13.8514
11.8588
11.3498
13.217
14.8034
12.261
11.0638
15.5696
11.1768
11.5272
11.0946
10.8876
11.9488
11.3492
10.1924
13.9794
12.8338
12.0092
10.8184
13.6692
13.3588
12.9174
10.4286
10.7346
11.4254
10.0692
10.1284
11.0632
11.3152
13.394
9.7394
12.44
10.8302
10.8704
11.293
9.685
12.917
9.9156
15.7578
10.3462
14.1316
10.9534
12.7428
14.8612
11.2128
14.103
14.3718
11.2218
10.0914
11.3504
10.159
10.6718
11.4914
9.9748
9.2548
10.5324
10.7426
11.666
10.551
10.4602
9.936
12.8254
11.8894
11.052
8.7734
12.0216
18.8514
12.9414
8.9758
14.8726
12.9694
10.9324
10.3258
11.8334
9.2968
10.7002
11.0056
10.244
9.7484
12.5888
11.1944
9.1604
12.5346
9.2084
10.7626
9.559
10.4524
8.3468
9.2684
