67592
70261
81680
73349
74402
61103
78857
62437
83632
54511
62324
57402
53799
62629
69107
55474
60200
64095
60024
64390
74484
56198
58331
57579
60950
58080
56814
61005
58286
53032
53038
56988
50078
57643
53247
56734
56952
50693
53602
58689
43348
51003
59335
51958
48592
51519
61801
54763
48167
49647
53330
42975
55810
51740
44777
47369
60784
43347
53422
52865
59055
46494
48829
48300
37491
49931
48695
48575
50618
51658
46387
44709
53627
50454
47406
44328
45173
44042
46029
49746
47467
41352
40724
45070
43712
46439
42793
45867
42438
47008
40368
46856
51890
46724
41134
47423
40620
39544
41573
34804
47366
47365
43404
36801
46450
41129
40840
42541
41319
41957
45312
38514
39508
38700
34687
40105
36168
44135
38116
36072
38266
35878
39426
36018
40431
42857
42571
38710
41983
37778
38953
36549
43002
35457
37348
41640
38527
39806
38412
38286
40864
37247
37789
34143
35147
33522
35139
38921
39982
37546
32943
39256
38150
41489
32468
33561
35762
35588
34747
37304
34683
40898
37510
41350
39571
34733
33111
37662
34669
36109
36337
37037
39519
32566
39660
37162
37174
33043
32093
36876
37770
30078
35669
32581
34966
38367
36510
35494
38998
33553
36613
35994
38672
34766
31884
40068
36430
36020
32581
34169
