-1175312.0
-1027238.0
-1044502.0
-1111208.0
-1073722.0
-984494.0
-1031788.0
-1055338.0
-963722.0
-1078184.0
-979048.0
-986102.0
-947944.0
-1062340.0
-1028446.0
-1096846.0
-1039996.0
-1080788.0
-1049164.0
-1037292.0
-1024670.0
-1039504.0
-1022466.0
-995500.0
-1013752.0
-965896.0
-1032694.0
-900770.0
-983742.0
-1022322.0
-1055684.0
-955172.0
-959328.0
-1068556.0
-991040.0
-1012078.0
-990890.0
-984174.0
-998762.0
-952528.0
-1035974.0
-1025640.0
-972886.0
-917250.0
-949438.0
-878514.0
-999430.0
-909568.0
-949942.0
-965176.0
-969764.0
-952578.0
-938250.0
-965620.0
-999084.0
-1050040.0
-906978.0
-990044.0
-880224.0
-896700.0
-990116.0
-969808.0
-1001364.0
-961902.0
-887508.0
-957824.0
-916632.0
-988672.0
-911314.0
-848702.0
-835598.0
-960290.0
-1002298.0
-809158.0
-843680.0
-975362.0
-801242.0
-962304.0
-974124.0
-876082.0
-855960.0
-882348.0
-859810.0
-912366.0
-927450.0
-913612.0
-861104.0
-953070.0
-976038.0
-883288.0
-855124.0
-852478.0
-859578.0
-846264.0
-881130.0
-873234.0
-867708.0
-950168.0
-811194.0
-890292.0
-855130.0
-812482.0
-881600.0
-893404.0
-778662.0
-863116.0
-860210.0
-741168.0
-925822.0
-786656.0
-864942.0
-811946.0
-887392.0
-792892.0
-847692.0
-754488.0
-902050.0
-763580.0
-807260.0
-848322.0
-720330.0
-779912.0
-737396.0
-749956.0
-765710.0
-846450.0
-870674.0
-751180.0
-744128.0
-811082.0
-781192.0
-687394.0
-790336.0
-810144.0
-776648.0
-682106.0
-783602.0
-868198.0
-590806.0
-735896.0
-731030.0
-682790.0
-684598.0
-850452.0
-756864.0
-614820.0
-790910.0
-789124.0
-697974.0
-710472.0
-759960.0
-628566.0
-666184.0
-736302.0
-681706.0
-679062.0
-680550.0
-710556.0
-674182.0
-628106.0
-720342.0
-753862.0
-688126.0
-629772.0
-676344.0
-703738.0
-769574.0
-738746.0
-658832.0
-613334.0
-723334.0
-689404.0
-614744.0
-534556.0
-599076.0
-646110.0
-549974.0
-736772.0
-623392.0
-539546.0
-648150.0
-627536.0
-589070.0
-528232.0
-661264.0
-645960.0
-585290.0
-658950.0
-634566.0
-598018.0
-623216.0
-687140.0
-711176.0
-651218.0
-601876.0
-605078.0
-565244.0
-711536.0
-679416.0
-613102.0
