-53336.0
-49605.0
-53329.0
-50092.0
-51220.0
-48269.0
-54515.0
-49647.0
-52454.0
-56916.0
-57676.0
-56101.0
-52262.0
-52892.0
-50673.0
-48670.0
-44377.0
-51835.0
-52656.0
-45377.0
-49268.0
-48504.0
-52628.0
-56675.0
-46366.0
-53754.0
-53870.0
-45397.0
-46371.0
-41246.0
-47549.0
-52315.0
-47156.0
-48464.0
-49543.0
-53231.0
-49601.0
-51254.0
-46465.0
-44760.0
-51368.0
-49392.0
-51611.0
-52591.0
-53490.0
-47176.0
-51251.0
-47844.0
-44323.0
-47246.0
-46471.0
-46068.0
-42379.0
-46016.0
-53357.0
-50282.0
-49707.0
-49581.0
-45325.0
-43258.0
-48200.0
-47236.0
-52991.0
-45086.0
-45681.0
-55435.0
-50629.0
-46828.0
-48591.0
-47286.0
-48816.0
-41333.0
-44201.0
-47518.0
-50333.0
-51081.0
-47443.0
-39862.0
-49523.0
-47127.0
-45599.0
-47555.0
-45376.0
-50371.0
-48949.0
-41160.0
-51684.0
-42265.0
-41185.0
-45573.0
-44965.0
-49752.0
-47229.0
-51363.0
-49856.0
-50022.0
-47449.0
-45436.0
-46508.0
-43328.0
-37681.0
-47514.0
-44706.0
-44572.0
-44671.0
-44087.0
-42236.0
-37185.0
-38715.0
-39364.0
-37403.0
-41649.0
-45764.0
-41510.0
-42782.0
-46382.0
-39502.0
-42221.0
-46336.0
-42550.0
-41087.0
-43771.0
-44286.0
-43871.0
-45961.0
-47030.0
-40582.0
-38926.0
-40319.0
-39613.0
-45334.0
-37951.0
-43203.0
-35678.0
-39796.0
-42488.0
-44564.0
-42150.0
-46881.0
-39761.0
-40358.0
-40520.0
-38499.0
-37867.0
-41374.0
-38411.0
-37565.0
-41291.0
-41596.0
-43751.0
-43384.0
-36066.0
-40708.0
-44591.0
-37295.0
-40272.0
-34734.0
-39924.0
-39905.0
-40671.0
-38720.0
-38240.0
-43820.0
-39226.0
-39087.0
-44488.0
-38866.0
-40536.0
-37601.0
-42418.0
-37976.0
-40140.0
-40617.0
-29393.0
-40064.0
-35807.0
-39876.0
-36863.0
-40045.0
-45512.0
-41929.0
-37366.0
-36310.0
-31515.0
-39198.0
-39587.0
-35339.0
-33655.0
-36387.0
-41943.0
-37774.0
-41412.0
-36358.0
-37671.0
-37022.0
-38945.0
-36099.0
-39208.0
-41604.0
-38182.0
