406096
411264
377483
310853
425668
374577
429822
422265
386503
391078
446172
345250
380280
451742
435181
395554
306992
327203
399663
372736
434809
390207
471649
412075
341048
407679
422861
415938
380114
298523
389255
377732
360216
406807
418011
457893
398506
353038
356235
412618
412443
408870
319266
429120
417061
359767
402598
389113
391471
381555
354633
360201
317265
332865
457818
368564
432784
341422
365549
391552
368486
402432
356883
383850
399954
365171
388363
435088
415953
395186
377508
338215
321520
506416
380971
421238
377687
403943
395840
332876
346989
379498
380671
380782
389532
368695
373854
369852
394783
347489
338657
363589
358121
404428
314130
368390
278381
331200
418332
359520
280212
346227
348450
344071
336044
359610
320115
316821
304291
350471
324573
348502
310565
361552
344456
359249
379334
349691
362397
337583
339680
357720
339611
289450
331537
303021
334140
354852
351462
289628
347046
315360
346010
327463
327408
269461
329891
372977
342777
281077
338724
321992
278808
328792
299383
338616
293086
393126
332086
351622
363483
294346
309074
314174
288475
268832
292456
336233
307366
295265
323982
294361
309006
325342
328381
333813
281174
321886
283558
316375
316800
283986
317594
274252
337890
292450
284123
336792
306798
283773
281086
325130
284990
333649
289456
351155
314880
294340
291705
337746
298253
315103
276673
286915
275097
290361
244730
325166
306881
299682
