81.2192
82.2528
75.4966
62.1706
85.1336
74.9154
85.9644
84.453
77.3006
78.2156
89.2344
69.05
76.056
90.3484
87.0362
79.1108
61.3984
65.4406
79.9326
74.5472
86.9618
78.0414
94.3298
82.415
68.2096
81.5358
84.5722
83.1876
76.0228
59.7046
77.851
75.5464
72.0432
81.3614
83.6022
91.5786
79.7012
70.6076
71.247
82.5236
82.4886
81.774
63.8532
85.824
83.4122
71.9534
80.5196
77.8226
78.2942
76.311
70.9266
72.0402
63.453
66.573
91.5636
73.7128
86.5568
68.2844
73.1098
78.3104
73.6972
80.4864
71.3766
76.77
79.9908
73.0342
77.6726
87.0176
83.1906
79.0372
75.5016
67.643
64.304
101.2832
76.1942
84.2476
75.5374
80.7886
79.168
66.5752
69.3978
75.8996
76.1342
76.1564
77.9064
73.739
74.7708
73.9704
78.9566
69.4978
67.7314
72.7178
71.6242
80.8856
62.826
73.678
55.6762
66.24
83.6664
71.904
56.0424
69.2454
69.69
68.8142
67.2088
71.922
64.023
63.3642
60.8582
70.0942
64.9146
69.7004
62.113
72.3104
68.8912
71.8498
75.8668
69.9382
72.4794
67.5166
67.936
71.544
67.9222
57.89
66.3074
60.6042
66.828
70.9704
70.2924
57.9256
69.4092
63.072
69.202
65.4926
65.4816
53.8922
65.9782
74.5954
68.5554
56.2154
67.7448
64.3984
55.7616
65.7584
59.8766
67.7232
58.6172
78.6252
66.4172
70.3244
72.6966
58.8692
61.8148
62.8348
57.695
53.7664
58.4912
67.2466
61.4732
59.053
64.7964
58.8722
61.8012
65.0684
65.6762
66.7626
56.2348
64.3772
56.7116
63.275
63.36
56.7972
63.5188
54.8504
67.578
58.49
56.8246
67.3584
61.3596
56.7546
56.2172
65.026
56.998
66.7298
57.8912
70.231
62.976
58.868
58.341
67.5492
59.6506
63.0206
55.3346
57.383
55.0194
58.0722
48.946
65.0332
61.3762
59.9364
