86.3064
62.6502
88.9224
78.077
94.4414
73.7224
85.7988
73.045
58.8228
82.7376
102.835
84.5862
75.9922
73.3722
74.8444
81.825
69.978
72.4328
69.9094
80.1974
88.9532
61.819
85.861
84.9822
61.5442
71.9398
80.8792
57.2082
72.657
63.7976
63.914
61.6526
85.7842
84.7586
59.181
82.6436
66.571
56.1474
66.8228
68.1282
72.7372
56.9978
83.4586
69.7682
79.7142
78.5466
70.045
55.6606
63.877
68.9794
57.874
58.8668
52.771
59.314
69.7396
63.9696
65.7144
52.261
51.8436
63.5106
62.504
57.1886
58.6716
59.1368
54.1266
61.172
69.2208
82.0272
63.6506
68.1494
56.542
53.6886
53.3212
62.2022
62.1696
68.1026
53.3816
62.2456
53.8064
58.582
61.0198
51.8572
62.4988
62.1432
64.9262
51.9218
58.528
52.7716
52.8852
54.5942
46.54
62.4164
51.3682
63.7004
56.3888
47.0756
41.2222
45.3696
56.9806
47.852
42.3454
54.5988
49.9682
44.5562
54.2114
59.3104
46.6436
36.5308
44.556
50.8664
48.4132
55.1424
51.6248
45.2744
46.0422
48.9256
48.7534
55.8232
53.7302
52.5004
47.2894
49.6586
55.5082
45.1606
43.6732
40.9548
50.2688
44.2586
45.0376
41.8714
45.82
45.286
46.642
41.829
46.5714
37.5556
47.91
52.3084
48.6774
41.1334
51.1374
42.921
35.9424
44.4926
52.7302
52.0282
40.7774
51.2726
46.3884
57.3622
45.9736
38.0376
42.9974
41.1748
43.6178
38.877
39.8482
45.1784
39.8322
41.6418
45.8296
40.5656
41.912
40.9182
39.3614
45.9984
37.0838
42.146
37.0968
41.1382
40.205
42.348
45.3146
37.0402
43.8342
40.2956
38.263
39.7658
42.1034
37.3836
42.0466
46.454
34.8492
43.2316
37.666
47.9974
41.0896
34.1826
33.8314
41.5624
38.3076
43.4106
41.5936
42.2314
35.5488
37.215
34.0652
39.4336
42.7054
34.134
