-37483.0
-33766.0
-34904.0
-34242.0
-33041.0
-30527.0
-36391.0
-29205.0
-28951.0
-35980.0
-39172.0
-32459.0
-33405.0
-33051.0
-35655.0
-34609.0
-29974.0
-34889.0
-28989.0
-36236.0
-35392.0
-26551.0
-32866.0
-35730.0
-29957.0
-28988.0
-31624.0
-31754.0
-28391.0
-23719.0
-30692.0
-31489.0
-32577.0
-34409.0
-29720.0
-29729.0
-27096.0
-29752.0
-29678.0
-25128.0
-34771.0
-31552.0
-38626.0
-28708.0
-34385.0
-35090.0
-27677.0
-26869.0
-27819.0
-30070.0
-28854.0
-26764.0
-30201.0
-29137.0
-28992.0
-31691.0
-28784.0
-26274.0
-24853.0
-29794.0
-27689.0
-25475.0
-31010.0
-29295.0
-29884.0
-27627.0
-31421.0
-28373.0
-30200.0
-29760.0
-26716.0
-26213.0
-24638.0
-28297.0
-31592.0
-26549.0
-24965.0
-28665.0
-27572.0
-26866.0
-24294.0
-25812.0
-28059.0
-30482.0
-26826.0
-26826.0
-26625.0
-31064.0
-25638.0
-26141.0
-24681.0
-28627.0
-26494.0
-27577.0
-26944.0
-27094.0
-20131.0
-26124.0
-26877.0
-23825.0
-23453.0
-24567.0
-23678.0
-27853.0
-24895.0
-27796.0
-26721.0
-23465.0
-23673.0
-20692.0
-22242.0
-28417.0
-23523.0
-27421.0
-23690.0
-24737.0
-25642.0
-25484.0
-27883.0
-20671.0
-25271.0
-23528.0
-24077.0
-23229.0
-25085.0
-25030.0
-20753.0
-22566.0
-22610.0
-21853.0
-22095.0
-23502.0
-25655.0
-21943.0
-23620.0
-23660.0
-26360.0
-25206.0
-25462.0
-22818.0
-19721.0
-25994.0
-23525.0
-21674.0
-21515.0
-23022.0
-21821.0
-22338.0
-17391.0
-18982.0
-21761.0
-23709.0
-25998.0
-22630.0
-19937.0
-22328.0
-18252.0
-22971.0
-21094.0
-23171.0
-20936.0
-21064.0
-24314.0
-19954.0
-20203.0
-27500.0
-20740.0
-20288.0
-22106.0
-23846.0
-17122.0
-24537.0
-22355.0
-19105.0
-22981.0
-19253.0
-21437.0
-21188.0
-18741.0
-22025.0
-23084.0
-22658.0
-21182.0
-18343.0
-20845.0
-21126.0
-21472.0
-18735.0
-21983.0
-20605.0
-20831.0
-17579.0
-23769.0
-19219.0
-19969.0
-21826.0
-16311.0
-19743.0
-20690.0
-19369.0
