0.0
0.0
0.0
8.0
39.0
94.0
199.0
265.0
342.0
81.0
227.0
208.0
230.0
235.0
328.0
463.0
592.0
519.0
123.0
202.0
280.0
157.0
112.0
150.0
290.0
400.0
485.0
128.0
154.0
256.0
193.0
254.0
321.0
459.0
398.0
342.0
153.0
286.0
324.0
320.0
297.0
398.0
542.0
630.0
505.0
380.0
552.0
610.0
556.0
525.0
614.0
760.0
711.0
547.0
391.0
473.0
556.0
496.0
420.0
466.0
557.0
464.0
296.0
149.0
299.0
277.0
212.0
255.0
383.0
523.0
509.0
452.0
103.0
186.0
268.0
316.0
304.0
289.0
403.0
333.0
329.0
102.0
200.0
226.0
301.0
240.0
217.0
367.0
325.0
389.0
107.0
137.0
207.0
75.0
63.0
103.0
229.0
222.0
253.0
94.0
185.0
215.0
216.0
227.0
270.0
423.0
454.0
539.0
40.0
88.0
126.0
129.0
112.0
185.0
346.0
330.0
350.0
75.0
172.0
185.0
229.0
150.0
114.0
257.0
250.0
323.0
12.0
60.0
71.0
136.0
133.0
190.0
364.0
408.0
490.0
144.0
237.0
319.0
288.0
209.0
267.0
397.0
402.0
454.0
94.0
155.0
162.0
120.0
146.0
199.0
422.0
415.0
512.0
13.0
49.0
75.0
134.0
168.0
267.0
491.0
532.0
464.0
86.0
127.0
264.0
207.0
235.0
352.0
518.0
565.0
671.0
88.0
83.0
114.0
146.0
177.0
248.0
481.0
545.0
525.0
82.0
122.0
182.0
181.0
222.0
347.0
594.0
690.0
723.0
281.0
430.0
544.0
523.0
555.0
575.0
684.0
628.0
571.0
385.0
444.0
